5156
19836
19691
15228
11074
15941
17878
19835
10310
8290
7936
15707
12941
16001
14089
16070
8798
12264
8386
7976
12400
12765
8191
10775
9119
19727
7483
14348
14938
18103
19494
12685
7847
14909
13542
7686
10341
15097
13532
8049
15635
14127
10564
13446
12154
15896
15763
17955
11368
10898
12206
11183
9452
19259
17608
9334
9970
12329
15382
8206
10750
17130
14771
13177
19926
17018
13753
15649
18307
8918
13797
16435
9008
14913
19211
7427
16386
17136
9170
19740
12821
16528
8451
9915
18931
16950
11107
19254
8246
13598
10405
18129
16872
7848
11429
9331
12268
16934
18252
15929
13750
13622
19970
8102
13966
18337
13203
12267
18921
14374
14767
12493
14017
10609
13255
11353
11248
15116
14245
17283
7439
7825
17528
19046
12121
18389
15518
11366
17678
11145
18509
19818
15432
7623
18568
9559
9377
17743
14242
14036
11390
16949
19296
13395
8181
7671
15667
7512
13487
13038
11491
18714
13471
13201
10064
8258
10652
14622
13442
16974
12092
16977
15507
10017
18293
14680
16019
9752
13933
7402
8545
16415
7193
17440
10232
16556
19894
9961
8463
9151
18763
8558
15465
14821
15838
7504
14908
15508
18611
9770
14308
19972
14399
7898
19230
12209
9665
10243
9376
19040
16258
8283
11588
17512
7758
15236
17211
15867
9729
15331
10752
9657
8233
11103
16167
9667
15283
11863
17816
9906
13505
7356
17270
11623
15159
16415
14105
13738
15133
12551
9044
17419
13354
10847
19704
14837
18226
11780
11264
8210
12296
19765
18990
18558
14759
17345
10001
7721
11729
19022
12223
14374
18762
11824
11556
17710
15785
10783
11858
13466
8207
10513
14836
10107
13372
7849
16007
12931
14683
11682
14475
11355
8089
8412
19483
17280
11968
14877
9236
9205
12688
10875
7191
10971
19649
12415
14953
9070
11819
16373
13729
18842
12173
9990
7863
18555
11745
8407
18446
18722
19058
19456
14043
7988
19048
12777
7335
7258
15202
18911
13864
18839
16490
12035
15656
16358
17776
8607
18976
10773
8599
19277
16352
10081
14597
10047
19212
16516
16003
9815
7292
18716
17291
9568
10576
12576
16494
10860
16431
11503
18027
8611
13080
13248
8046
18149
8433
11162
15160
12541
10825
12023
7930
19584
9263
19909
15372
13444
15709
16412
16085
9979
8202
10160
7462
10336
11894
7390
10102
10820
13038
18803
14125
11768
11694
16544
12993
8428
17685
19647
7942
15035
15954
15016
16181
12596
15217
10267
9115
13030
14402
16771
10917
14305
10423
19619
19692
16235
13823
8247
18712
18399
18861
8869
17755
17551
11647
13012
14506
16568
14833
11345
15629
19548
11781
14482
16927
13852
17043
18998
12696
9496
10788
13433
13141
19888
14731
19576
10382
13773
15262
16472
11473
14944
12485
15879
9453
14898
9652
19851
7857
13130
13655
15539
7697
15248
19278
16293
7261
13890
15550
7313
14764
11716
7423
14621
10957
12258
19382
19119
8469
14177
19683
14486
16168
19346
16575
11397
8393
12862
11517
15881
19918
9687
7302
18925
15986
16423
9873
19408
9675
9651
16024
17090
13992
19059
12143
19631
10667
12363
16061
14786
16948
9861
16041
16914
10905
9046
14395
8851
18150
17671
19361
11773
14059
16199
10556
11815
17993
11771
17456
15547
10032
9171
16071
10430
7494
17014
9066
13339
16587
16056
13319
11252
11722
13494
8658
13159
13828
8634
12311
10972
14499
9222
8691
7564
12975
9278
15875
10559
19110
9474
7531
9034
15224
8559
13198
15294
14160
19311
11122
16249
13749
18981
18192
14501
18104
7457
11636
14444
11301
12046
14475
10535
8224
16856
13072
15086
11914
19860
7916
18688
9598
15809
12637
17078
18305
15598
14184
13840
7690
11450
15997
10142
16193
11469
8801
13914
10323
8556
10113
14593
19601
7443
7352
9662
16721
11844
18318
7226
14425
7495
10784
16989
19273
9018
7888
16593
10153
19337
7620
7745
16783
9566
9806
13806
10391
11508
19351
11234
7928
9848
9002
10333
13095
12283
11645
9485
7340
12972
12228
19144
13305
11293
19634
7242
15851
12428
10018
9192
8241
10153
17849
16751
17589
14209
10721
14072
17300
16981
11929
14290
9888
16902
8513
14191
11939
7946
17399
8616
16196
15683
15020
11071
15629
19760
19911
17703
19748
19761
7990
19438
18422
13830
14744
11580
15821
9073
8040
11108
19804
11177
15456
19419
18168
11989
8975
8898
14205
10316
16662
14069
19095
17301
8759
14051
9161
15443
11841
16664
8872
19650
14799
13739
14485
13025
17151
18408
15826
8761
11205
16295
19263
14594
9465
8187
19658
9720
7832
7797
19132
18171
15170
15132
8036
16294
7944
12070
17859
15919
13817
14292
17704
12559
18698
17049
19271
9931
19992
12998
16378
17872
17067
10932
11510
10228
8960
8339
16314
15818
18746
12131
18162
13588
16160
10896
14235
13394
8702
19922
9091
13031
12801
7613
17065
9218
12753
10110
19080
17654
19055
8784
14287
16668
10966
18816
7474
7903
17236
11292
13535
16755
7793
11140
19099
17187
11040
11146
17239
12318
18700
17841
13946
15957
19948
13460
13486
12384
14148
15489
16284
9314
7999
12273
16260
17196
14442
11418
18605
19941
9082
10845
11337
10577
13449
13513
7558
18974
7982
18024
16247
17170
17598
14293
13995
11442
10369
18999
9994
11607
19833
9766
16144
12097
19200
9809
10491
16866
7642
10816
13908
8016
11054
17040
17582
11653
9139
14511
16616
11264
16006
19580
17627
12717
19730
14054
11697
13322
7692
14321
15404
17988
8816
11143
17728
16551
12492
17413
15198
18014
17252
10035
19663
9758
12189
13667
15171
7371
16732
17293
18975
17461
15173
8437
11904
7273
7573
11445
17232
15693
18912
7964
10086
19064
9391
11405
8542
19436
8786
13313
17979
18239
11738
10647
9627
10881
14506
9125
15665
19503
10303
11199
15292
16109
17079
12008
10398
9508
9243
7874
19507
11076
19301
19600
16588
17583
18647
10435
18040
13420
13611
16459
14871
8575
17366
19364
14443
19556
16239
16658
9450
18648
9719
13068
16682
18871
7833
7541
17421
13092
19979
8651
18937
10861
9072
8657
15515
19968
18054
15775
14490
11959
7730
7651
9415
8822
14108
10455
17612
17156
10263
14920
7685
14300
17315
12114
12893
16984
8957
12032
17635
15932
13188
18742
19957
13338
14563
14254
11024
16747
15298
9781
14564
17540
13531
10507
8672
11896
18932
10218
8238
12602
14577
10023
16108
8138
7646
18636
9583
10152
15755
10393
10188
14644
15639
11580
9643
10362
12521
15087
12814
11997
10206
19886
9998
8978
9569
7424
18572
16672
8446
15511
7885
15606
13503
16740
19965
17778
7358
18884
12598
18286
9516
10495
15922
10952
12881
8967
9899
8870
9660
19978
16679
14340
17717
16397
7212
14110
17319
10324
9284
12534
13128
14632
16224
7182
18233
12524
9434
10625
18059
19431
13465
17496
8509
17408
10286
9068
17840
19534
13426
10290
12900
17850
11715
17522
13700
13735
13228
18704
13579
15666
16265
14988
12705
7758
17137
19781
10701
10329
17670
8199
19305
12326
17096
16605
11544
17251
10689
19798
15359
19516
15402
7240
7733
17852
15178
14658
17827
9042
16166
14818
7557
8063
7263
12670
13232
16089
16931
19919
18299
7839
15184
13987
11536
16859
10219
19933
15305
8882
11059
14019
14520
14543
18527
12699
14022
12960
13767
17722
19158
18702
18608
8069
8394
15736
15625
13989
12750
12743
19439
8641
11810
15533
11617
9053
13279
17719
15106
12387
7434
10750
14812
10173
9985
15903
14946
19988
15253
13838
10176
16719
18554
18292
18498
19196
7567
18389
12136
16265
14705
12590
19700
19009
13434
13775
12037
15713
9392
8141
12088
9865
11996
13566
10735
17247
14995
13617
19568
13043
15303
13731
11287
9640
15912
8077
17676
12852
10167
18542
11386
17189
18869
9983
14719
14941
9344
8774
15331
17305
16445
11086
12438
9617
11595
13377
10675
10281
18701
11724
17377
18052
8529
10058
12113
10073
19577
16612
13077
12016
8167
11973
7367
10311
18475
10867
19854
13468
13341
19735
19147
17327
13761
16813
11476
10497
16043
15742
13685
19791
12477
15577
17767
16416
16311
18092
9130
19566
17667
12875
19105
17415
12064
18410
10764
13297
14378
11648
14367
10257
17062
12305
8901
13944
12601
16997
14464
12304
15343
16884
7508
16205
14779
18740
7363
19127
18444
14522
9482
17390
15893
12579
9905
9233
18374
9986
13235
12724
14992
14761
19429
9878
7644
16696
13002
7548
11699
8631
12506
9335
14008
7694
17203
15603
16442
8080
15128
11270
8635
12117
12532
15053
17433
11876
10139
13875
12215
18613
15782
12679
13263
9081
14545
18062
12614
17266
19309
12436
18290
14102
12196
12736
17008
8639
12997
15691
19500
13789
12047
10808
13461
19282
13698
12592
10856
9109
13484
8130
8374
10084
16424
18107
7724
10191
9874
17449
18275
12480
9957
15133
11098
11336
18626
19794
18989
10429
10343
13962
8311
12641
18460
9607
7749
9362
18968
12189
18125
19508
13993
10049
17121
8305
7464
13160
16987
17237
7317
13380
18448
16251
15052
15687
13914
11718
10428
9669
8601
11584
16728
10167
11808
16140
7387
19003
11197
12953
7197
19015
18445
13510
14904
16206
10856
9159
9773
10083
15722
14141
11502
19563
9307
8602
19399
9198
7784
14922
10563
19588
12230
15590
17932
7853
7354
8308
15635
19560
11914
17832
10569
13256
12255
13688
19938
16408
11284
19366
10263
13486
9153
12170
9017
17160
18750
17965
11381
19927
13051
12593
19079
14316
16385
14534
13261
14224
12785
14707
8350
14121
18203
7347
16022
7477
11279
17028
18190
8623
18321
19244
18347
17054
12125
18563
17071
18004
14736
16017
12335
16013
12668
10774
15494
14390
8763
11335
19131
13403
11821
8528
14167
12202
12247
17622
17184
16092
18130
19421
9768
19786
12367
7295
7735
7245
16104
13766
10806
10726
17701
15571
9554
19387
8114
7453
9441
12837
9183
18769
16440
10382
15469
12507
16706
19365
8121
19770
16940
14175
7192
16136
15982
10892
18238
7898
12738
8022
17240
10624
13793
8938
8043
12434
16579
15900
11746
13518
19079
17786
17466
7601
15795
17336
13307
8020
9581
12796
10488
16746
19596
11661
12367
17064
17868
14659
19717
15179
10250
15383
10911
19017
17206
12577
11661
14025
16241
12615
13067
8746
9883
18564
15355
14941
17444
17410
10988
19840
12986
19251
15719
19770
11137
15594
15026
13282
11357
13179
10757
16160
10649
9142
11975
10223
19181
7385
8014
7271
17630
18357
8493
10827
12129
15760
12989
12014
12850
10605
14269
12247
13141
15367
7368
11525
13353
15096
10306
13543
7196
15426
9604
11468
19182
16049
14578
11901
8110
19969
10830
15641
14463
9325
9370
11684
15963
18610
19709
15099
7943
14455
17395
16280
13292
19789
16888
11839
12162
12355
11614
15080
15952
9217
15633
19527
10485
8004
13626
10724
17261
12774
11927
16207
8638
17568
18026
11329
17968
8279
10073
8534
12560
10628
8853
11178
12252
15417
9442
16587
14930
13692
15516
15110
11516
12636
16155
17690
12287
9425
11765
17347
11005
18401
12557
8781
12099
11058
7710
12095
10334
7769
9952
7979
15103
16270
16681
15920
19011
15051
13626
7343
9333
16129
16558
7866
13124
12899
18126
12132
17158
14408
19869
19424
9197
11937
14282
15362
11204
14864
10260
15939
19531
18686
18703
13115
14733
9642
12418
12261
9266
12422
13405
17573
7706
9316
12376
13820
7846
18344
16323
17813
9290
19841
9867
19149
18208
16944
10599
15238
7378
8923
10245
19330
14557
19161
12798
14126
8968
19267
9570
15407
17082
7868
17565
17610
17359
11201
9939
8448
13939
18491
10690
8580
12152
9342
16853
13657
13681
7794
10809
17198
11216
13718
16209
12971
11519
15037
16555
17847
15317
11630
13836
17908
7584
11624
8615
10230
15100
17343
9672
16628
8506
9918
16885
15889
7410
11299
16096
15584
13053
13808
16921
11097
8596
11836
10823
12310
11891
11594
11800
10908
7252
16513
9596
12602
18617
7725
12820
9246
18277
15861
12487
12473
11935
17190
7918
14157
7649
14459
12424
12124
18479
8626
9503
9884
16150
9991
19038
12949
16586
15300
17686
16851
9531
13482
19512
18684
12411
19295
8614
7555
9966
19666
9579
16452
12460
19314
11031
15222
15570
19575
17781
7583
15634
9972
10961
14189
12447
11528
9831
19808
10654
17587
18230
17936
9231
7676
19201
11994
10546
17657
14450
18118
9813
14519
12544
16023
14586
10313
13110
9513
15346
15803
19472
15529
15564
17073
15905
10876
16707
11986
8278
11130
13277
16537
10332
17353
10725
8523
16927
8140
12872
17685
19026
15319
9202
10468
17031
19415
13697
15175
9409
16541
15805
19567
18028
14655
19617
11557
7787
18977
17499
12040
11666
19634
16469
16150
15600
8589
13415
12513
11088
18788
14843
7294
9645
16844
19873
16476
14061
9771
13597
16055
10093
10256
15257
11763
16507
9085
12989
19219
12780
9149
18186
18438
10798
17911
10727
9239
11507
8932
9242
15278
19145
9923
13520
12119
10824
16203
13914
8682
9432
17925
16703
18599
15614
14899
11380
14993
10417
8849
14859
19441
11821
7379
9011
11667
19757
18267
13970
7278
11664
13573
15819
10621
19029
15208
10924
10945
11495
11007
19564
13594
13149
12714
14259
17342
8220
13981
7228
16132
19129
9318
15604
8268
9782
19362
9534
16124
7925
19289
10473
7953
11671
13792
13330
16480
14669
12171
11352
16255
12226
16511
14155
12894
13393
7277
12195
16396
11774
10806
19326
13580
10060
11078
17085
7448
18086
19451
14524
19258
14173
19104
15227
12578
17809
11283
15421
9174
19720
19492
11487
18324
12026
11119
9477
15226
19994
13546
12499
16216
7529
8696
14093
11751
9984
12677
10480
17107
19705
11994
9329
15607
18777
7202
16259
10452
8058
14158
13435
11486
8661
10655
17563
8353
17588
8860
9193
9879
19640
14088
16368
11491
11860
14670
15139
7444
8563
13847
8058
10534
15860
9562
8179
13832
11158
11218
15155
8361
19750
18055
8408
16422
9932
16429
17483
9582
17374
13927
15004
13803
19092
11025
9007
18792
8244
10213
18576
18866
15559
16874
14891
17728
10763
10041
7350
15477
13070
15285
18232
7858
7322
8706
10871
16391
13400
7703
8593
13624
8044
11530
19025
13045
9827
14602
11514
12690
10598
11260
14515
17644
9860
14333
7206
12161
8053
8328
18427
10370
13889
17812
12382
18802
16450
15680
9006
7611
11167
12031
13447
16832
16916
16037
11356
15067
15000
10142
12346
12959
8841
8358
12323
9541
11763
14366
14223
8338
13854
8484
9744
19183
10828
7563
16592
12948
9934
7528
16597
17186
9603
17019
15405
11142
16770
11972
10567
9547
16194
15696
17635
11544
10339
16226
7370
8965
14445
17173
8613
17063
18066
15684
13132
19870
16379
15390
13448
12720
7870
16634
15926
19613
17022
14092
12013
18725
16435
8227
19468
17337
14297
16133
16410
18166
8412
18504
18088
16305
10995
10907
14394
12979
14752
16399
10302
12855
15270
17564
13947
15129
10947
7182
12603
7505
11452
11938
10199
12905
15749
12150
11535
12101
12466
9187
11554
18570
10276
15164
7591
18336
16811
18665
10874
17708
11107
10681
15311
8525
8788
10016
8816
13439
18097
7472
13263
18745
11085
9956
12155
15527
18559
15091
17780
8704
9048
12059
10549
10397
8681
8663
11300
17807
7532
12553
13947
17529
8636
9835
11028
18685
16576
14453
19471
18586
12707
15153
11596
17210
19850
12937
17015
7386
16750
15539
7582
12906
10117
14759
13985
19018
8581
16202
10895
9947
7711
15607
12093
15256
14775
16534
17476
14069
19007
17474
19097
15565
17309
8424
17416
9189
18966
17632
18328
18450
13238
11489
14066
17468
16113
18070
12607
11510
12302
14273
9875
16034
8430
14421
8122
12356
11786
11893
13547
17723
9158
10398
18100
18596
9678
12038
14335
10161
10447
19833
19779
16512
18366
9530
17110
10664
17486
10299
8836
15430
7791
17756
7831
17224
15873
18519
9464
7940
16032
18745
12005
18695
19469
17007
10708
18081
17952
10818
11228
17426
16679
10043
15251
10319
17477
13456
12689
16506
18601
15512
15150
17681
7952
14139
19339
15389
11907
14011
9089
14307
18976
15485
7937
15747
14774
14079
16035
15521
7907
12271
17464
12982
12967
15690
19629
13618
10593
12039
9614
14365
12263
12011
9502
19618
11469
8267
16769
16793
14797
12372
13509
10982
16261
12622
7310
10756
10699
17909
18224
14278
13252
16362
15947
16174
9241
11346
19119
15249
14856
9367
19367
15480
14834
17589
12350
12655
19075
15870
17918
18836
7921
16164
18499
16546
8560
14835
15853
9855
16201
19528
14234
9612
17179
13217
12812
8300
18124
8109
8865
7405
14569
18614
12008
13772
13608
13816
12767
8815
10004
10414
12680
19051
7556
10839
13451
15326
9964
17044
8483
18387
19384
13926
18199
17890
19718
16988
19107
7653
7770
10214
16346
13243
9351
11659
18895
18846
17830
19385
14163
18457
16870
19651
15033
18200
10447
13598
9840
16790
11015
16879
16880
18411
12740
18902
11466
18423
14614
11766
8087
11651
13005
9849
16448
15540
9404
11136
19100
14275
8963
8797
19536
9832
15850
12094
10811
8684
10769
11326
14929
15532
9438
18888
16756
12328
11104
15003
11002
10226
18302
7523
17029
18253
8392
15512
15424
8887
19724
17787
15223
9790
8521
18060
19305
12130
19915
11228
9228
16230
8455
12770
12748
19130
17193
10185
8737
8510
12457
19737
16610
15578
17135
18897
15617
9748
12783
16021
9426
11245
9424
14791
17649
9843
8487
10345
13311
8015
10039
8297
15914
15892
16333
17389
10523
12486
8497
9282
17303
9504
9887
11683
7317
19571
13498
13431
18657
17222
17797
8540
13972
12234
19069
8844
7958
9633
13917
11561
15650
17080
13717
14914
13318
15956
12145
8452
14828
12737
18473
9038
9590
13317
17406
13722
19118
15425
17506
13126
10804
11126
19441
14567
10187
13445
18682
16536
19206
9405
16110
14124
13511
12020
13045
11351
17865
10863
19303
7875
13865
14313
17635
14243
15438
18982
9244
9168
12431
7963
10475
16274
10353
10489
19895
17056
11523
15799
19210
15610
11639
7208
14286
9937
13052
19599
19297
17585
9212
13892
19498
18346
19086
14437
15459
12629
11783
9219
14959
19401
16345
19136
15755
15064
10135
10216
16463
17997
18073
19971
18566
7199
10544
8997
11909
17278
7218
7840
18250
19937
8779
16523
18058
13645
8166
9388
11619
16640
10489
15786
11944
15349
7741
15160
11475
17214
17315
16393
19797
8456
8748
14052
18575
18953
12958
8712
10221
11940
16865
10632
14081
10254
12313
8750
12983
17368
19977
16712
12382
9958
15058
9277
9735
15624
17279
18158
11532
8325
13736
7612
13455
8441
10557
8799
8209
19785
12395
15166
16349
16691
16246
12719
17103
11619
16256
17938
13168
8337
8294
12378
10042
14176
18338
10130
18675
9827
17545
18077
17068
17753
19482
16971
12616
8729
12760
18924
13178
8150
16649
8941
8101
18564
9285
16651
16778
9866
19824
18818
11243
16142
13065
8223
13788
12793
16476
19033
8818
9501
19335
14048
15501
16816
9434
9999
16482
16993
19712
10900
18481
18472
14991
13499
14733
18340
18557
13390
12589
18322
15573
12886
14969
13332
8578
16245
12066
19400
15701
13125
13493
17627
14530
9274
19846
19125
18291
11749
12586
9421
17208
17370
12901
7568
10374
19117
11094
19793
17119
10968
11328
19140
12996
12188
11759
15081
7325
13811
11176
12162
18372
16774
10906
15039
14962
16919
10653
14638
18585
19839
12465
13123
13135
16082
18221
12911
10085
10262
14010
11311
14168
15057
15927
16188
19226
11407
10710
18666
19553
14805
12570
10109
17450
9154
8891
10082
19953
9818
19860
15802
8218
9363
18449
18115
18850
18804
12370
18532
8825
16058
15183
15761
7668
7743
18356
8861
17000
10731
10626
16895
8289
9413
8025
12562
12697
14493
15679
15414
14910
7338
7397
7740
15858
15036
8243
16110
17543
8886
14583
17820
17008
11432
9595
7679
16593
18985
10069
19070
19402
12471
10544
18813
14931
14433
8495
9273
18047
7406
19428
12416
17843
10162
13786
19828
16316
15473
12742
9839
9712
15751
13975
14713
10866
17332
7407
8757
10394
7540
11541
14693
10236
7333
15149
16215
16598
19331
13344
19949
13409
10396
17213
10990
10109
9106
19192
10620
7571
13924
17875
12802
16819
9816
17934
14636
9076
17446
8481
12998
9476
10270
12433
9320
11214
16364
9020
7854
16645
15848
9032
15263
15645
14827
9162
16234
14417
12650
17114
16100
11134
18148
10558
14740
11129
15723
18628
11133
7788
15726
19168
16925
17616
11474
17034
9872
16501
12878
11552
13580
9075
10059
7396
19465
18528
19020
12086
14334
14778
11706
19626
16500
15554
8847
11873
14237
10299
7659
11019
8926
13134
19152
7675
14164
15985
19554
10913
17396
17439
17142
10998
14132
13383
11874
18994
7399
19810
15794
7537
9787
8699
8088
15887
8104
10296
14660
12058
16994
17828
14749
8475
11135
9753
15071
9289
17221
8253
15875
17744
14619
16101
15621
18469
14538
9764
11001
15325
8435
11793
17467
16894
18944
13932
9082
12739
14893
9184
9300
15971
17488
15340
7905
14523
7549
15657
8360
16461
12713
15535
9548
16471
9900
8830
10737
18383
12279
10796
15618
16920
11529
17497
7910
19537
17398
15925
7922
9922
14970
18562
9707
7763
14221
19757
15409
17487
19377
12772
9301
11399
7209
18882
15923
10006
17012
16571
10358
19843
13152
19944
18627
16591
12928
7602
14312
14573
7251
13627
11515
15334
8252
15541
7511
12659
10850
16131
19954
12716
19094
18819
18365
7314
14458
16031
8760
11120
13039
12886
11803
11930
17113
15336
13999
10716
15787
19434
18079
12103
18915
13545
19656
11391
14605
14071
19555
17602
19783
19511
9248
18403
18822
14925
10180
17768
8081
14912
14389
10926
13074
18537
12366
15023
13610
16299
18127
8637
12890
7626
15945
15993
15855
8647
8896
14963
12922
18459
15829
19073
9623
10265
16547
8756
7902
16652
14082
9685
9829
15851
8291
16627
18268
7432
14046
8026
14709
9791
9062
17469
7995
18381
13843
16520
19863
10208
10793
14360
9853
7428
17100
8379
19229
12500
11770
19215
12251
18117
16479
15350
15733
18335
9862
17643
17902
9163
14925
13963
13005
19752
19202
16846
14194
9310
12830
9822
9575
14832
18407
15441
19667
19851
14763
8274
8516
18790
17454
15958
12446
9498
7997
10288
7466
9027
19259
14919
11365
12199
10891
15329
14987
18952
12229
8148
19286
16011
16852
10603
17503
10008
8718
9213
8371
17532
17354
17027
8107
13605
16831
16436
13851
10748
17747
14674
12390
9870
17519
12301
17527
7966
17075
13416
7971
9924
8326
19690
18731
17562
9772
12242
12633
14350
14686
12838
19925
12747
17358
9019
8378
14435
9394
18901
13924
14514
10614
9580
17967
18763
16653
11622
11832
11925
10997
15854
18978
13176
11728
19629
15341
9045
14227
14448
13821
18210
17536
19561
19787
16195
11317
17733
17829
19477
7538
18061
9470
16463
14584
16542
10781
13526
12963
14755
17954
9680
11095
12476
15174
16419
14001
11422
15803
8903
9757
8920
8751
7400
7645
18759
7257
7542
8356
15484
17258
18846
18274
7185
14536
12537
12642
8461
7459
11706
18891
14627
14865
10391
15229
12625
18022
17346
8811
8945
18043
10127
18209
10659
14027
16904
14262
10022
13420
12854
18719
16177
14149
12703
7951
8070
10446
7553
13340
13438
12266
19875
17538
7250
15369
9154
15835
12554
13614
11402
9324
10501
9493
19343
11868
18418
11964
17334
18489
19525
17963
9648
18825
13983
15234
15823
8593
10818
9112
8307
18424
19931
9544
17510
15884
19669
12333
15077
14026
11189
8749
10170
19900
14028
19327
18467
7389
18094
8803
18109
10294
11099
12936
16350
15693
8946
12611
15416
13342
7887
11605
11115
12487
11900
13802
9946
7610
12889
10645
17793
19651
13209
15059
11988
12772
9431
16526
16446
17112
10368
8314
8727
15664
16432
13264
16889
15377
7864
18679
15493
17287
19242
12895
12527
16072
7412
14339
12003
15688
19958
13015
8474
12824
14811
9492
18873
19236
16029
18749
9495
10009
14762
10356
9210
16842
7812
19572
17633
16266
18107
14656
10722
14599
8977
10701
12694
9369
7321
11497
18400
9742
17548
15324
13129
12358
13549
12475
7457
9043
13662
19433
7647
17289
16121
18585
13904
18495
11285
17380
11788
13166
13596
14261
7315
17482
12562
14180
19765
9904
11753
15896
19072
14895
19352
9856
15520
14066
11227
8091
8230
10467
18718
19929
14449
15771
11714
18523
7449
14255
17354
9098
14663
9253
8970
14144
11853
7804
18706
11555
17592
18046
9256
13616
9306
17442
9785
8762
14233
8912
11284
15715
9615
17804
14445
9166
9786
18830
11964
14559
18229
10112
12779
13765
16172
19559
7753
16672
8619
13871
7796
11531
15531
14937
8734
11855
18109
8205
13861
18603
15600
12110
14933
7484
15250
15191
18984
17465
9352
9087
9619
10289
11632
17381
16808
7624
19063
13896
8813
7527
17937
17041
14063
13660
8936
8931
8565
17700
15042
7492
14973
13213
15440
14927
16123
9584
16135
10499
9715
14774
12952
16860
16633
9270
12870
11340
11653
13936
8566
9876
10437
10742
15628
15411
17462
9646
18926
17311
11131
8683
19897
16940
7906
17424
16477
16820
14724
16120
8501
17692
11784
7236
12042
14479
10230
15115
13897
17825
8354
18782
9104
9181
7392
13049
15380
18828
18414
16532
16384
10517
8079
13692
11533
16240
16162
11850
14393
17250
12685
8432
16828
11157
14491
14704
9353
10677
13980
18315
7732
15964
13523
10046
7684
11270
14098
10999
19723
19126
10717
7198
9215
9967
16692
18404
16242
14562
15271
12934
17910
14672
14631
18870
16986
18065
9823
7709
9892
15304
18526
7259
7878
11263
15961
15148
13585
8577
19614
13794
9560
12985
19688
19509
19699
8808
10181
15827
15712
18752
11192
14439
13733
13291
12234
17640
18348
9968
16699
18693
12653
12615
12701
8093
17457
18965
11467
9148
17732
9833
18183
9398
19084
9344
17500
7716
13363
18859
8644
14862
15127
15942
12019
12082
12813
9379
11221
11257
15149
18052
14083
11575
16455
12497
8738
17489
12221
12650
18320
11106
18068
15215
12285
19773
11696
12108
10408
7181
9750
8875
7803
16882
14679
12672
14907
10711
8137
16890
18756
13334
13657
19642
11548
8445
9845
13856
10622
10141
19443
14715
17033
10679
12042
18388
9353
11919
19887
16460
11304
11911
19031
8622
17626
16707
11430
12630
14553
15412
8788
18017
18674
13872
17452
8459
19756
12312
15371
7617
14870
18820
15372
13522
9335
18036
7299
17580
10133
18854
12627
11210
15864
19133
16012
18768
14252
8491
10121
19059
10850
12810
10940
10740
10672
8129
18606
17611
14414
19162
8705
9710
10770
17999
10841
13589
10189
7195
9963
13043
17507
9015
10476
18654
11935
13477
15846
18591
16625
17697
11814
9271
14803
8458
13496
7369
14784
15609
12074
19621
18581
16325
7693
8832
15486
19293
14973
15739
10633
17429
8214
9249
15960
10125
7680
13156
18856
15546
8583
18666
11963
12708
19686
7339
14911
13518
18378
11756
15232
14903
15681
14598
9720
11551
18774
8707
16505
17168
14611
19432
9948
19828
19712
16301
8621
8250
18633
10676
9606
7514
19630
12197
17920
14216
15240
11670
8710
12508
12085
11518
13835
18726
13250
12692
12833
12597
17940
19521
9638
18844
12291
8671
15682
8691
18432
17800
10201
12572
7291
19074
17379
18784
7361
7550
9208
19287
9799
18577
13991
16253
17746
8104
19561
7783
7828
17324
10484
12146
13489
14642
19876
13082
17918
14688
16677
14403
13127
9519
11799
12472
19505
8889
13557
19896
17645
11984
11224
18305
13667
9124
7606
11060
15498
12316
12393
15467
14985
14208
14383
13918
11114
19037
18582
12175
19321
15497
14552
16086
19023
14343
10092
11828
18538
11403
16737
10425
14648
9725
17779
13414
10604
16836
18042
15357
10671
10793
8454
13425
19497
12856
8773
8237
14441
13146
8266
10472
17191
9597
15840
18371
15976
8743
15281
18661
9894
16438
9194
18011
10719
10501
19075
19874
14386
14236
19106
8180
11838
8073
7232
8330
12339
18502
15988
12464
11730
18093
8887
10505
16866
8035
17405
13483
15953
9328
18248
19068
7883
7671
16200
10279
7718
9071
17093
15652
18084
15628
16574
11494
14565
15883
9289
9670
8550
10670
16796
17365
19803
14976
13716
11327
15204
7780
17631
14983
17579
7360
12116
14354
18166
8562
7316
10519
9499
8264
9524
17640
12677
9898
16730
8241
8367
10091
15056
14229
8292
13033
9141
9095
11425
14883
14240
14716
8850
9517
7605
19800
12529
13366
16557
7841
15801
9893
19065
14375
19654
12148
19550
16016
14039
9775
9954
16433
16486
14685
7878
9120
16503
15126
19359
17081
12859
11441
10618
13480
19638
18424
19501
10465
12747
17790
13400
15393
18741
10984
10328
9834
14809
17522
13514
12610
18314
15964
17120
12902
19788
7727
18573
11678
19974
8221
8625
15813
16097
17594
19319
16893
10049
9536
14270
7705
10205
16485
10590
11465
13745
12988
16495
14337
16326
10098
17369
15474
17274
18686
9534
15810
18421
7327
7962
7781
13027
18139
13475
15472
9626
10225
19671
14033
14647
7979
19778
16689
17495
16344
16098
13801
13741
18507
13571
9505
10438
11456
18914
13222
11182
16044
16756
16139
17561
15545
19775
10033
7599
12965
18317
11946
10875
13436
8136
13828
18879
15654
12120
13890
10503
14311
7900
13294
11151
7733
8161
13631
16875
15019
18096
7480
11712
16453
13997
14093
8854
18635
18376
11655
17052
8997
18143
10260
15429
17557
12624
14434
8725
13103
17534
11254
14041
11223
10826
19795
14295
8345
10494
19891
17605
9761
19123
8112
15018
9736
14902
9692
13922
7577
14954
13419
16630
15117
15615
12179
17674
10963
15906
16375
18031
15111
12253
16749
8836
8973
18508
16979
13428
7569
11445
13099
12803
8034
11926
19801
10229
11222
8464
8139
12072
8347
18622
10678
17024
18050
11688
9999
9191
15451
15075
10700
7660
10493
12609
7852
12515
15212
16090
16457
8868
13530
12165
9542
9265
10415
17789
11296
7959
8490
11678
11840
8162
14005
10589
13311
15505
7578
14845
13773
13747
8274
16595
15736
13620
18983
17788
7455
18513
13757
15286
19881
19759
18806
15841
14502
7934
13151
18072
8147
9134
18232
11980
7859
12545
10244
12718
9479
9462
7850
8780
14493
16165
10964
17891
9944
19642
8709
15994
10146
9057
15337
17060
19394
10165
11151
13982
15032
14692
14504
14400
10496
8543
16724
10411
8327
10525
15101
19687
16335
18771
9007
11804
8431
15436
18831
14932
19732
7932
8557
8467
16975
18484
7634
19864
18250
14056
9480
15504
13559
12459
7575
7751
12061
7986
19268
14122
14090
18662
11577
10898
13063
18503
15015
15409
11373
19518
12663
10901
13356
11080
18610
17421
17814
10136
16365
15558
15323
9789
7539
9477
18547
11374
14819
8377
10661
11875
14289
7719
13344
10853
13630
16694
15090
12525
17842
19924
17977
7234
10269
16328
16670
18224
9349
11654
14142
15637
17105
9549
9779
18363
11325
9407
15313
7383
11918
13850
10955
15773
7309
10115
9403
14352
18872
13208
9812
9036
16363
13094
17265
11144
7435
13299
16609
7641
10504
8526
16048
15841
18917
15761
19209
10433
16846
10459
16355
14951
11570
13972
13556
14206
9825
9701
14454
19163
19242
10341
9708
14852
11992
9695
11188
7761
18112
16947
15286
11087
9260
12462
12220
7451
8336
8604
17848
19542
16162
16233
10761
17695
7403
18049
18343
18583
19701
9052
10431
15864
14461
14814
15807
12321
8054
14896
16289
12741
8024
11941
7983
17128
14487
17264
16466
13396
13226
16148
7782
12791
19986
12102
11347
19344
17162
14645
8323
8660
9518
11574
14720
13612
13752
9931
15418
13978
15885
12401
16621
13614
12399
19360
10069
17586
9739
19381
19362
19208
12634
15261
14376
8958
8316
13075
8416
14356
9971
19427
7525
15684
16954
13113
15339
16388
12232
14003
16303
12566
17818
13412
17339
9010
13245
8694
15074
18944
8288
11956
14528
9859
10373
9269
9422
15158
10815
16366
10054
17256
11951
17271
9684
13814
8096
18698
13652
10164
9315
9616
16179
7955
10684
7667
10797
15824
7431
15643
15490
17628
16515
13413
16066
19404
12568
9211
12640
16052
18663
19607
8560
11003
15583
10425
14915
8169
7501
19340
15487
19557
17877
17118
13354
13253
18538
17228
18118
12448
16771
18632
7506
17750
17866
10444
17043
7772
10717
11350
9989
9528
9722
12460
7609
18638
11505
16062
16348
15581
17576
19098
17973
10351
13385
12444
17980
16945
8570
18342
15114
11200
10346
19218
13133
18823
13574
9457
12638
8791
7954
10361
19964
16268
11095
7304
15969
8418
19193
16807
19262
9749
12608
9634
11607
8376
7975
15721
19966
8788
8017
15043
7418
15386
11074
11410
14866
11273
12817
18833
11453
15705
11208
9293
17208
10627
17418
14947
9817
18922
11073
15699
8585
15931
18156
7211
13906
15044
13926
9674
15549
16018
16063
16409
18471
9704
15368
9220
12867
17149
12843
19204
19849
7465
11825
8421
12984
14843
13109
12727
11371
7189
16140
19538
8042
16526
17491
15671
15493
14169
13652
14668
16929
17766
9258
12227
19612
13871
8885
10421
16127
8951
7306
13904
17642
7249
8133
17662
12246
8574
10293
9343
19398
9033
15179
9774
8856
9863
9793
19425
10018
16307
18710
17664
11754
13168
17383
11207
11037
13037
17929
16871
11899
15618
9868
9449
14768
8210
17435
16802
18858
17022
16636
16883
16153
10460
14542
15291
10859
17614
13529
15838
13189
7829
12868
15391
12727
18474
18170
18675
12452
18959
14613
17109
19611
10384
11725
8492
13254
9623
11769
12333
11156
17693
12992
8961
12732
14924
14497
17821
18216
9631
13565
17130
14952
7638
17858
18680
12526
11722
11165
17874
14230
7891
9765
19154
17831
15592
18674
19183
10896
18146
14099
15955
16805
10800
15147
18988
10108
18643
18770
12036
11412
8875
15457
10086
12080
13790
10617
12973
12746
18544
14017
18862
9339
18075
11461
16186
12907
19876
19338
13641
12127
10483
7742
11581
8609
11237
19589
14802
12964
19499
8627
11376
19290
8076
16786
12851
18470
14565
18326
17541
14111
9164
11709
9526
16106
14416
9724
17133
13144
17809
15832
15476
16863
14526
17326
14883
12008
12111
15613
7677
7595
18772
8908
14198
13102
9267
16401
13352
12469
12883
12804
17833
9137
11385
8257
9203
18733
14717
18038
10202
19673
18395
8419
10801
17921
16213
13295
11299
17501
10241
10912
7620
18590
18169
8085
16980
17356
15503
17600
17201
14039
12926
14153
12503
13165
19426
11565
10791
18101
9215
10771
10553
10088
12233
9108
12831
15936
15025
10594
18824
17180
11132
19528
9028
8108
17653
8110
17161
15773
17266
12558
10987
15196
16452
17281
9889
11807
11185
11470
8846
11966
17735
17445
13680
17794
11179
15694
8770
15943
19135
19083
12907
15933
15675
18229
11713
12406
13320
9854
17113
19814
8624
15373
7517
14357
11496
13937
17340
18746
11440
19592
15276
10865
10148
16372
7862
18758
11534
17606
18039
15130
15777
9818
17942
8301
12878
15589
12807
15668
19744
15136
9425
15670
8124
10743
16962
9182
11897
18592
18649
15210
17088
16517
14300
14826
13117
19302
14318
18609
12995
16447
9349
11883
10435
19452
17473
12846
15415
10459
14483
19449
17935
8184
18308
7984
9510
16814
13778
15951
8880
11755
14676
10322
17441
12897
14418
8426
7970
18193
13817
14379
19223
14772
7764
16360
18879
18082
8320
12599
10674
9996
12646
8119
9767
18908
15660
19185
19646
11464
19180
16868
13358
14741
8384
12582
16288
10568
14773
8877
14690
14527
16581
9021
8981
19082
8812
17673
8083
17360
7628
16972
10914
11249
10174
14863
10650
11770
11777
15277
17659
19791
8037
17931
16496
19057
11169
11558
11650
13578
12379
8217
14123
18015
13386
10688
9718
7284
17707
8852
8991
15776
14627
7346
8536
15974
9901
18044
9500
14960
13432
12585
19448
13120
8969
13967
12778
7382
12791
8434
9356
8212
16805
10343
12695
19753
10295
17943
16745
13875
9515
12752
11378
18524
15235
14586
19043
10646
16038
17773
13242
14113
12547
7210
17254
9826
17285
14699
17889
13678
10315
18835
9981
17268
7269
8992
19027
10575
14723
19985
17574
14263
13523
13461
12567
18013
12238
10585
15792
19176
16659
11194
12540
19371
10072
15163
17295
17961
10434
11506
7267
7491
17224
12385
15093
15063
16604
16427
11237
15072
7856
7439
18874
16387
10427
7426
12148
12522
13568
11789
10935
10729
12005
8690
9556
15756
17542
19848
13867
19771
12620
14478
18654
10238
8082
14079
16009
16221
8569
15593
15297
16152
14303
17609
11757
17053
10037
15678
16263
9520
15833
10944
9420
18428
17683
10233
17624
19464
8320
14756
9798
17580
11181
16644
18930
13210
13663
9726
15190
15013
15203
9259
12866
19227
15464
19253
17674
19293
12069
18377
10528
18670
19099
16900
16229
9636
8478
9921
14384
13388
11942
15551
10872
17575
16584
15735
10409
12028
16590
16340
16780
15595
18136
19257
7332
18034
9013
12027
8135
12191
8693
13665
13104
19077
19318
10516
9178
18584
12242
18413
12825
18778
8010
10210
19329
16429
12166
15694
17982
7177
15843
19795
17876
9625
15602
17650
17917
16339
18295
8980
11526
15165
13009
11364
18284
11401
10140
12394
17774
15697
15445
13310
9024
8605
7411
7941
16465
12924
7894
13868
13805
13274
16145
8282
17677
12380
12424
15119
15135
17721
11092
17571
18709
7479
13392
17737
8648
17696
10235
8755
16247
15318
15262
19288
9901
14427
7836
18505
10095
9297
10542
16983
11545
13777
9274
18396
14956
12548
8248
16128
11871
16869
15102
15916
13826
19089
7498
13219
18713
8807
9714
12167
18145
9288
11454
15089
16367
10650
19198
11791
16208
13298
15494
15538
8683
10131
16015
10178
18907
11160
12564
13727
8472
19648
14115
18810
15816
12920
14203
11627
16822
13555
11161
15563
10729
7381
19821
8648
9746
19943
15812
7706
14616
19001
17152
18987
13194
18029
16421
8950
8453
8994
8745
9061
13450
7552
19160
18787
10643
15207
14936
17896
9525
9762
15856
12673
15307
15301
12337
17703
15419
17844
10843
8295
18140
13942
9308
8051
18196
14857
19961
12141
9256
12915
7636
14824
14850
11778
12157
14077
14703
8008
15272
17648
8553
12330
15231
16243
19454
14629
12046
19485
7977
10720
15121
7739
15886
9059
11290
11811
9303
9145
16310
12105
11431
14147
13139
17412
8537
16340
16273
18137
17591
13930
7543
15351
8294
17301
17241
17867
12249
14674
18334
16933
17515
18121
14179
15978
19071
16321
19291
14495
15940
15500
8038
12829
19574
13464
7978
10776
13719
8543
19885
13695
12442
17088
16076
18535
13211
17292
13544
11023
10732
13153
9851
10780
11099
13813
13331
10712
11121
15192
19006
19189
8340
18487
16074
15061
9488
7914
15242
16079
10447
15793
17799
14894
18624
16847
13221
9792
9621
15395
16650
8029
18294
10694
18708
8938
9663
10028
19169
8240
7663
11857
14180
19157
19205
16203
11827
15570
8633
18362
8030
18521
11342
11391
14682
18157
13473
19234
19722
18236
9039
11760
7446
18121
15857
13888
8979
16967
16142
9229
7814
19603
10789
14597
16629
9972
10779
7615
15145
18406
8777
16269
9160
12709
8701
11141
7854
12505
13323
9219
10285
13654
10832
8177
7695
16716
18283
10248
19622
13139
14064
17896
7521
11017
14277
15768
19581
16690
10036
15624
16746
8417
7895
18227
9373
18926
8833
16704
8548
9618
13014
16491
14481
16057
18242
18454
15733
18723
16351
14187
19857
14624
10156
18287
19221
16695
11313
13097
17839
11999
9400
19355
8156
12034
16091
13590
13501
9504
15184
10772
15506
8548
7766
15521
19172
9088
18811
8200
12098
13417
13672
10352
10067
19726
16080
14128
15260
7701
9919
18144
12968
19624
13698
7686
10572
15987
14182
10517
17974
17957
10686
8438
17933
8001
10183
12201
13750
13911
17948
16545
11660
16606
10870
14369
16375
17352
14200
19233
12580
15530
14701
19065
10095
16470
13387
9955
17553
13256
12362
7600
16399
11268
16519
15913
18420
9747
8127
18720
19310
16710
7470
18095
17775
8149
12722
7330
18724
11851
14467
11710
19672
12325
16066
8256
19393
9690
12904
14487
8782
19374
9975
13023
10668
16643
8012
13351
14860
9533
11643
15969
7838
18003
16467
16449
8511
14892
11908
19111
14116
10317
10691
19236
19207
14274
11029
11835
15481
19224
19403
19325
8286
9869
19707
7303
13633
19450
19167
17751
9655
10424
11490
17387
12884
16052
13885
18552
17200
10943
11598
17750
15084
11025
8341
18455
8271
19159
15353
10105
9760
7625
10954
7359
12601
12349
13684
17520
18753
11642
14496
12766
19935
9929
13691
8685
7998
15186
13569
9934
11209
19151
19565
10400
9910
8628
15653
17601
19764
13634
17363
7806
16877
8721
8881
10714
16488
16224
13591
11871
16858
7193
10011
16395
11600
10445
15579
14284
13366
8766
13064
7503
16715
12065
12411
12571
17125
10277
14031
19745
18872
16466
15070
12303
8889
11433
15387
17716
8485
17599
13069
8333
15041
12122
15574
12693
18384
14917
18485
9261
9365
13206
13739
18160
16028
10563
8591
8703
17857
9173
15990
19476
18464
8818
8222
13923
10518
9094
9997
9656
16887
10207
17734
12317
15408
19799
16892
14696
17363
14465
7655
16237
13746
12421
18589
7914
10869
19397
19952
10601
15844
12981
18193
16183
14047
17765
10476
19091
12820
14651
7244
14524
16361
15423
19963
11511
8507
10928
16965
18571
14246
8822
13304
9802
9172
18513
9677
16567
18919
18738
8075
12331
10079
14841
12134
18173
9322
12528
18499
16736
15142
7372
12284
17269
13763
13216
12053
19808
15588
12619
14574
14977
18602
7414
19467
10252
9844
19044
13504
16718
19689
8530
14874
13670
12051
16334
13148
13055
15152
10656
13224
13324
11256
15259
7256
16946
17199
16311
19396
19039
8254
19413
10020
11264
10799
14428
19533
7355
9788
18249
18878
18119
10959
7911
15274
8251
14473
11861
17559
16095
8857
14815
8235
7267
13715
14905
8229
12957
7416
16192
13552
13096
11322
8385
12320
14906
12782
8603
18865
18600
8632
13507
13533
13853
9982
7374
16439
16982
13410
17055
18837
10386
15836
18164
7655
10885
14098
11437
8839
18967
11377
7553
13771
8078
17715
12345
10056
15212
12661
16964
8922
10757
16547
12535
19444
19194
18458
13174
17667
19503
17811
7816
19837
10698
11448
18298
12396
7678
13367
19196
14575
9473
10878
13879
10979
19473
13185
9281
15945
8458
7320
16173
19729
11959
18437
13204
7669
8735
18257
14133
12404
12657
10252
15360
8910
15040
11886
13963
7230
13676
19317
15672
12914
12466
10340
18254
11359
7886
13236
13756
19696
12054
10894
17567
18576
19048
16674
13259
8332
9245
14488
12955
9200
15230
19665
14212
13333
18089
13164
7998
12561
9086
15562
13171
12200
13195
19854
15169
11358
19195
10291
11370
12184
9587
18360
7407
8157
15861
8364
16281
16225
12501
11919
16002
13732
16856
14076
15066
15686
14133
16785
11634
15534
8369
7482
10640
16824
18135
8055
17385
18177
19605
12950
11218
8722
8603
12805
15455
15868
13729
14550
7604
13884
13768
14844
15910
10010
12853
14965
14848
16577
18690
13420
14555
14148
9207
14556
10902
11419
13365
10163
9700
9849
7519
11631
13856
18378
18743
15895
16727
14714
11417
7207
8313
11813
7765
9395
8620
12239
9254
10172
9527
13560
18452
19749
18896
14541
18405
19349
14468
19824
8062
14498
10657
8145
7355
9167
17447
10848
14698
15732
13869
15449
15998
16077
19062
10192
7593
8809
13325
13707
13430
10315
14153
11360
14215
8610
13427
8214
11241
16953
19437
14220
7282
15743
15316
7985
8403
18893
10993
8533
13059
16801
11943
13564
8182
15523
18960
13055
12675
8195
18262
13058
15255
10128
16237
12539
10527
17430
12674
14539
7581
9783
9303
10802
11411
18435
13952
11805
11492
7844
19911
13361
14880
7892
13666
16270
8689
13780
14096
12293
15205
17483
19982
16741
10658
7967
9058
10013
9928
19459
16530
10482
15265
19673
15825
7417
15428
9654
7641
8471
19411
7873
7254
14058
14822
13162
15759
8925
9206
11641
7522
17725
11794
10592
7585
19708
17313
10778
15282
18532
16985
14884
12055
13021
12180
18494
17998
13284
13689
17375
16725
8792
16073
8700
7798
10967
13491
7327
15599
14979
17557
7253
18085
11955
12454
13595
10543
16146
14551
17409
7775
19096
8134
19030
8098
14895
18245
16553
17338
12662
18303
9331
19892
14283
15998
11005
19416
17981
18345
10974
7286
10325
15219
16111
13150
16758
11413
7901
12699
16473
13289
15447
10487
10005
9702
7771
13335
8955
19543
18791
15995
15083
17039
10442
7450
14851
15131
18933
19736
7778
15560
14535
11675
11626
12789
12511
14712
9092
13831
16539
10759
7960
14158
18436
8065
12951
11039
14617
10381
12504
10529
7235
9371
8312
8401
8732
12186
15748
12311
17472
9233
18957
17389
17711
8722
17822
18358
19920
14949
12631
17617
17949
9387
17542
13105
9539
15258
15934
13211
12000
8909
19357
10251
15924
11195
12523
8640
13762
17153
12208
12483
9563
18997
15290
16282
17020
14129
8806
15268
10697
7377
9794
7897
10273
14368
8600
9025
12956
16996
19921
10478
18181
7546
18021
18800
11508
14961
10106
11066
16735
15466
11870
12268
13417
18035
11267
9348
19676
8698
15072
8905
8844
19168
9538
15780
13016
10063
7301
12138
8163
16082
15580
12715
18668
11348
18325
13306
10970
14770
18568
18105
18165
8049
11293
17273
11501
9683
11616
10938
15296
11275
17490
18580
17137
8783
14790
13183
10048
14639
7842
10462
10673
12918
10715
7341
16223
16901
16974
9386
12733
17591
11187
18789
17257
14513
15548
14178
9756
9601
8141
18020
9594
17148
11527
18934
14209
12857
14780
8771
19300
8500
13521
17261
11990
8477
8436
17984
11504
19313
18867
7753
17174
9512
11112
12569
9528
8146
11903
13576
16529
11116
16595
14276
9658
10063
9440
15138
7231
16407
13560
9523
11562
15949
12911
13990
13540
11760
14745
7561
7727
15123
12645
18428
10573
16642
17042
10782
15162
11281
8532
17401
15781
12828
12681
13536
8383
14428
12280
14782
9131
8848
18441
12160
18433
15589
16391
18434
14916
7713
19255
8225
8305
12265
15445
13723
19594
15082
9754
8213
10887
15611
16228
17436
14117
11726
14250
14568
17854
7533
7535
11459
13279
11521
14219
13035
13712
8662
9620
17284
16923
9713
16250
10418
12259
9800
16119
7930
8381
7966
15707
14694
12445
18652
11787
19979
7275
18202
13887
16102
9558
16138
18409
17904
17913
18961
18736
13909
15337
17569
7572
10753
15462
10660
12706
10587
16427
17678
14618
8024
13032
8367
17420
15509
10864
15537
17211
16401
15045
16250
18278
17772
19831
18247
7491
12106
8505
14690
12455
14423
19872
13882
13397
19496
17924
11962
17718
7502
14886
17401
17783
19458
18516
7229
19345
12236
15075
19678
9296
8298
19813
14105
15000
15880
18497
18809
12168
18751
9089
8226
18672
17555
10015
16381
15718
18309
13632
18273
10220
10412
10366
11379
10579
16992
18913
13960
14819
17047
12841
16773
9976
14795
15321
8805
13229
12643
9599
10986
9813
17415
15233
18296
11590
10432
12083
19385
12365
13878
18363
12565
19304
15746
19784
15830
18764
8444
15365
16655
17074
12441
7948
14590
15783
12954
19395
17986
10223
14710
18683
8590
17402
11890
9358
7870
19139
8031
17656
17146
18794
13107
9001
10786
16924
7225
11246
15354
10842
18688
15244
16208
18195
8961
7214
16502
14268
14281
15552
8916
16050
12229
12929
16995
10234
10665
17953
13371
15551
10830
19116
9566
13138
12798
9341
18264
9514
11878
13490
10889
15200
16776
8794
14023
7774
11748
11541
16490
13246
19409
9945
10880
10151
7365
19250
8450
13648
17791
15646
17069
10308
9546
9247
18991
9237
16794
12816
9897
9488
14015
12755
18864
14882
17651
18992
10759
13087
9433
13705
7654
17899
16898
16375
16840
17238
18518
9696
8317
15092
11174
15345
13874
13018
12212
16700
15888
17246
19008
19524
16758
9572
13040
13682
19481
17144
19142
10639
19818
9704
19827
11601
13363
7227
19420
7596
14063
13782
15342
11538
7499
8219
11735
11889
12735
19150
17436
18807
15225
11924
19731
13846
14950
12299
10303
7947
15237
17945
11912
10541
11983
7460
15038
19461
15720
15878
10787
8118
8842
14730
13587
10612
12294
7574
10835
16026
10471
12280
8727
14877
7821
8904
19623
19942
9347
16789
11242
9048
17106
8388
19444
7425
7819
7598
14183
12430
17012
11213
7486
15125
11014
11524
17225
17547
17554
13273
19899
10078
11388
14021
11172
13672
19369
19951
12360
19990
8466
17094
13101
18903
10211
16134
12481
17566
14536
15068
7422
14667
9368
15863
7545
19738
9354
8190
17140
19389
10615
11147
13172
13572
13147
11686
18352
16938
14457
12453
17508
18330
12635
14029
16182
8545
13271
13759
18840
11061
17427
18243
16014
15518
17492
18393
16971
10390
12060
16941
7666
10810
12194
18704
7237
12769
14218
11849
18936
11457
18256
15831
10204
7720
8501
10619
14462
7882
11306
17108
8573
7299
10311
16444
12044
9097
17248
19998
10215
13054
8171
12089
18559
13643
7792
14517
14404
8115
9763
17880
13061
12962
10284
7454
17606
10538
14986
17314
14840
7513
19606
7235
17248
17992
9974
7361
12666
19593
12756
10693
7305
9460
18734
18760
9118
13270
12665
9121
12146
15239
11680
7415
7288
18663
16481
16722
14314
18447
12865
16065
17325
11046
7518
17296
14171
11956
8840
12847
12076
17069
11739
19353
16606
15206
11035
17881
10953
15944
14053
17618
18624
18946
8315
8447
16827
10138
19231
15991
10855
17858
7815
10193
8153
12021
14243
19604
19867
16663
14062
17882
12307
13225
13423
7926
9410
15561
7826
9759
19645
15220
13855
17870
15217
17392
8695
7664
16155
16826
8503
18906
10075
12744
10521
14847
8397
11084
17537
15245
15797
18400
7987
9369
17463
11566
16062
12806
9450
14353
9098
12549
10287
8489
10596
15772
11170
19703
9575
16318
11604
18801
18301
18048
13034
10240
9914
9078
16599
16794
13987
13476
12325
12000
12295
19528
10249
17969
19470
16804
17620
10171
10753
18594
18266
13709
16327
17994
19989
9949
12290
12583
11069
10662
15122
11643
19153
9543
10695
16094
8863
18443
9309
13197
15717
15525
15699
13269
17699
11091
18163
16045
11865
14993
8375
15915
15906
15306
16278
11420
10978
19777
10548
17863
15758
12181
12734
13651
8097
7593
11657
10583
11048
19412
9682
10600
16236
7822
12667
12508
8193
16524
9511
17665
15689
14592
16566
8541
10441
16978
12901
14990
10728
11576
18917
9295
11744
13635
18350
18797
15098
19914
11520
15872
18548
9232
9311
8429
18090
9969
17556
10147
14939
13941
8265
13479
8935
16610
8068
19409
18735
11563
18000
15554
11603
9907
15981
13049
19606
7262
17983
12158
17748
10421
11033
13636
8424
10669
10498
18288
10097
19714
15798
12555
17864
18030
16683
18462
14516
9152
9115
13010
19213
9632
13976
12606
14016
11354
12574
11567
13214
16675
17882
15979
13612
10360
17928
18505
10623
10027
9176
15834
11312
10268
8823
19271
11602
13060
17207
17823
16338
7618
9545
14649
16051
15752
7702
14967
17277
7843
13921
9842
13686
16935
19050
14743
10386
11979
14602
13207
15902
8911
10195
15031
19519
13553
14087
12154
10939
14317
8329
11811
14544
8099
15638
13687
15478
11801
17126
13645
15890
16442
18488
10509
14118
20000
8038
19138
13028
14806
11795
19569
12253
9428
11568
16726
7919
8143
14670
17951
11775
17272
14146
13298
7877
10935
12512
7808
10635
17672
17966
12440
19658
19762
15107
11442
13091
18370
12763
11721
18111
19751
11687
13112
15784
9177
17057
19711
7607
17452
19870
12648
18894
13131
14471
9416
13227
15000
9023
10585
13380
16687
16332
9147
8933
13328
14137
9838
8567
7203
7799
19768
16705
14042
16648
11416
18078
13369
13036
9602
11290
8767
13218
17583
7326
19382
8001
13974
11315
11798
16359
10257
8216
17815
18205
12669
9608
18281
19238
11887
10689
10567
11011
10631
16962
13204
7510
13517
15901
16426
9650
17570
13346
18525
16559
10976
15188
10401
8873
17625
15434
14811
14196
11993
7272
10666
9199
15871
9102
9509
14109
17384
9380
19540
17531
14329
15573
10739
18707
14607
18560
8597
12891
18477
12376
15302
8547
8067
7776
16381
14361
15891
7418
16483
16275
11539
19976
15994
13967
18631
7263
14104
11843
17341
17805
14529
11203
10539
18240
7323
16601
17634
13870
9776
14279
7909
19391
9731
18892
8900
10989
14347
10292
11636
12217
19434
16638
19610
10792
9481
9993
16554
10349
15054
9912
10155
11053
12969
11423
12926
11945
12398
18057
10578
9647
9805
8421
12775
14203
18805
11148
18131
16668
9723
12417
8835
18415
17731
8941
7513
13262
7744
12939
14825
18214
11072
12836
9039
14943
10532
19570
12979
11978
7845
16374
9716
7215
14650
14612
16989
14869
12057
7851
14477
8989
10996
16105
9540
12657
15430
19697
11349
14676
10917
11788
18546
9382
14796
19155
8551
11435
17017
19668
7216
16641
7185
14838
15394
9064
7536
12456
16167
19939
11886
10166
15306
16356
18808
14580
16665
14033
18621
17144
18951
11318
16336
11051
9953
15499
9240
18040
12357
13902
17004
13329
16817
18890
18201
9521
10169
19655
13858
19187
9135
15866
10616
14964
18660
19812
11110
18161
17218
17915
16038
19955
13347
17645
17455
16000
9537
18210
19923
17661
13812
13536
17127
17694
14757
12397
8572
13931
18121
17738
9383
18430
13515
11405
9359
16302
10888
19733
10074
7800
9689
17962
18304
11969
16383
18853
16737
15790
9551
16117
19247
11399
13062
12839
17900
12927
8617
9411
11691
19166
19269
14620
8408
12496
14637
16686
18010
13293
13848
11913
19716
12024
8056
15241
14288
15012
14295
18783
9406
7334
19216
13381
18451
14251
13583
19676
17456
17393
11055
7805
11481
19332
18142
8303
11127
12177
14135
13570
11815
11233
19669
11606
17623
11750
16024
10149
7351
7398
14330
11050
12062
10377
10355
12711
15597
12071
19996
13708
18588
7652
14521
8191
11923
11310
12409
17546
17976
12241
11137
14360
8555
7834
12364
8395
14412
14540
19490
15026
7485
18970
10355
12819
10934
7759
8717
14456
13741
10116
8351
17759
13538
14118
10334
16873
8245
11387
12401
19741
15917
9114
19719
17916
7542
19275
13593
8155
9857
13241
11675
13349
11662
17530
7559
9821
16731
12764
18227
14725
13516
19407
13959
7488
15899
16836
8518
10242
7801
8144
17802
13734
17096
17596
12758
15210
12240
12369
7387
17888
9589
8988
9366
16760
17231
16020
18827
17800
18490
13285
9373
11188
16917
14746
9414
13349
17838
11917
18023
12204
15962
13186
9743
17892
14469
18093
7224
19984
13656
14037
10388
9560
9795
8404
16577
12495
19203
9783
19016
14999
14265
8762
11089
16306
11829
14138
17165
13508
19847
12137
8324
19625
11823
10274
16743
12514
13833
14570
19975
8260
9330
19235
17709
14298
12999
8643
11866
7754
10402
9069
16342
18517
10740
17665
16171
8495
9360
10379
14048
15028
7949
18183
12296
19164
13011
19579
8855
18904
13459
10602
11766
18486
15716
13933
15812
19615
18063
16838
8948
19998
19597
8793
10457
8905
11961
14787
17837
11021
9125
12877
13283
18512
8359
9028
8057
19054
10559
18933
8651
7456
10910
17139
12654
11693
16389
13455
17885
7473
7969
19246
17010
9670
10743
8349
17525
8415
12491
15482
16540
13360
8007
15014
16051
16347
11214
14421
9586
17296
10443
13301
13781
15079
13217
17481
8406
18016
8319
15403
10196
18453
14571
15179
14172
15144
16187
10320
18540
17595
8455
11150
16809
14982
16713
9063
10182
19034
13309
17203
17756
14736
18006
11549
12051
9204
17792
8470
15855
12076
14780
7240
9113
19220
14431
11239
13910
14225
8239
9864
13199
15556
10376
15754
7380
9277
17698
16047
16775
12033
14803
14280
16394
7183
16189
18480
8019
16185
11409
18310
16717
18550
8666
11954
18837
14391
16788
17513
18956
12342
19514
17691
9104
18543
18717
8362
15468
19997
18217
11837
11987
19573
19322
17162
10552
9389
16669
14608
17886
9666
11435
16159
17759
12172
11915
7530
13737
18630
10597
8964
13047
13984
9959
17157
8322
14664
19084
17348
16088
14788
11952
11038
12402
7750
19188
11478
10525
18692
12832
12351
12892
17180
10613
13281
7586
12437
8618
10412
7889
17228
17373
8499
12489
19051
11239
8440
9384
12348
16441
8125
7824
12703
19024
12542
8271
9621
7345
13694
17403
8508
16688
10507
12151
9262
10194
11579
15828
13743
15492
18724
19515
13928
14596
19644
15193
15146
12961
16297
16487
17479
10469
16461
9025
18650
14560
15959
14145
11396
13089
13553
9402
13784
7865
13677
9992
10840
9016
17532
15292
8578
15009
9030
17835
11118
10811
14810
16035
19423
17500
15397
10066
13485
7965
18197
15917
15463
14265
19681
18106
16622
8259
11982
13783
11361
18784
18064
11043
17897
8655
13316
17219
17298
8973
9123
11742
10582
12016
9128
17362
13473
11950
19664
13650
19695
14049
11082
16676
16654
11668
11585
14718
9554
9769
17255
15330
10380
12770
16656
15673
9437
11329
13092
16710
19010
16899
13231
17617
17950
8018
16218
11957
11408
10407
11745
11279
9881
18371
12262
10785
12432
14202
8072
7752
13167
15533
17159
9649
10847
11079
13374
8343
8390
16564
17743
18640
19814
11998
12786
7880
16030
17171
17770
11646
9727
7500
15667
11711
12721
9491
17333
7420
14318
17328
18922
8892
19840
17964
19342
12974
8912
16413
11500
14997
10158
13048
7331
19653
15243
12712
18753
12531
14900
19087
11867
13859
12429
18883
17099
7961
17845
17306
12018
7481
14873
11499
10129
15627
17615
13085
17051
7404
9447
13073
9977
12081
17066
8592
17989
14472
15218
11498
15279
8520
14625
12518
17855
11825
17258
18212
8754
9643
14373
11163
15209
14293
19283
11362
9292
9165
13705
15197
11971
16906
9395
17905
9694
8310
16666
18440
9003
13979
12361
18595
12617
16103
12468
9679
7247
7619
12135
15050
9223
13193
17659
11931
12216
17818
11369
16738
16797
7802
10188
10680
12213
15904
12002
17331
19901
7390
8032
14548
8159
16784
9304
8917
18359
14398
11674
9439
14984
10883
7890
8612
9743
9100
11013
9557
18455
11081
10222
11740
15435
11791
10765
7409
10029
11125
16720
10246
14260
16761
8102
9830
14045
13523
19907
8203
9050
9317
18463
10554
10298
18833
14291
12484
16881
18799
16877
12359
8410
14342
13800
16835
12159
14304
12176
19088
7690
19488
16405
19532
19679
7589
7468
13087
12835
14351
14702
7269
15991
9459
13308
8188
18276
19887
8522
8066
11034
14267
18260
10486
16624
19822
8929
8869
13134
9892
18958
11847
16614
12585
10844
13702
8923
10101
12593
16677
12649
8269
7981
17814
12943
15738
18885
7920
13260
8287
16147
9428
14299
13100
7971
15395
8113
12799
14988
9913
9930
18353
17304
7681
12923
13895
12656
13287
10454
10338
16761
10709
8892
11333
9777
11975
17329
16296
8996
9727
7433
9936
10094
19299
15021
17459
14055
17756
10696
15594
9573
17350
14689
10734
9820
8938
10687
12626
18279
15659
19047
16733
10733
8731
18386
12343
12140
13079
14572
7376
12874
7738
14673
17002
12022
15449
10936
15189
7717
16279
18794
15517
15358
7260
19956
13799
13439
8519
7308
10755
15714
13495
8843
9475
14159
7413
12535
10540
11295
17196
11042
17001
17944
7221
13022
8896
7421
19093
16522
9730
14975
8486
16276
11932
15984
19657
18868
18352
13863
17987
9340
8642
9323
9052
18384
8020
8013
10862
7927
7531
19320
10530
19660
17723
11057
11289
13837
19101
18736
16969
11383
14646
16369
13081
14399
17335
7447
14591
18477
14438
9804
13795
13785
12210
18112
15910
14436
19119
17727
8201
16600
17900
14185
7689
18115
16790
16752
19853
18289
18598
13463
11620
14326
19893
15030
16232
13223
19090
11701
8086
12546
11681
12788
8971
16371
11427
18349
16498
11704
12309
7993
9978
12612
10145
16003
19615
9564
8665
18257
11477
17883
10120
16292
18019
8711
16262
12278
17287
18265
9250
12683
9585
19306
8949
13121
14337
11974
13604
10386
18980
15972
7336
19906
16474
19805
18298
14382
13199
11817
16572
16314
17941
8498
9445
17083
16697
12443
11321
8095
11830
15731
7835
9552
15400
13375
14460
11246
18223
16849
14881
19217
7729
8236
11433
8629
8423
12375
7790
14020
19506
11030
14370
15412
14271
16955
9980
13969
8972
13429
12391
8494
18679
18176
9214
19179
11733
17521
9886
11099
14038
15566
12217
18198
11463
12932
14587
19486
9591
18929
9397
12126
9927
19065
9338
9227
12298
17124
17016
11703
18415
11953
7880
9184
10021
10705
8669
9337
8688
12753
13877
15815
10890
15048
15443
17371
8598
12623
9251
17926
19609
13442
11649
16309
15742
7629
7704
13122
16217
14249
16075
17578
15967
18857
17111
19378
19880
9958
15867
17762
17516
12004
19674
17147
18843
16850
10078
11382
10547
9319
12811
15935
18780
7726
9919
8982
16903
16353
8517
10930
8346
15980
15182
19549
11155
10271
11690
7352
16741
14068
12687
7670
12300
14355
9706
9995
9659
19502
13600
19917
14085
18369
17204
13115
10309
19981
12986
17092
10638
17862
16559
14072
12335
15216
18875
19986
12142
11426
17059
15422
16264
11472
11702
14609
8316
10500
18218
9780
8402
10950
18691
19931
14652
16602
9255
14212
12339
15950
15761
13001
14923
17892
8538
14604
19856
11484
13108
7811
16810
11259
13901
7957
13562
12861
9225
16398
17411
11244
7520
9179
11852
8093
18540
7392
15523
11309
9942
15514
13368
10103
16552
9040
13546
13756
16702
13770
13955
9393
14324
17026
11635
19739
7266
14510
19698
14666
8476
13234
17194
15109
19832
8465
11093
16563
9951
8829
7580
19776
11483
11795
15644
17047
17912
9750
11734
12808
19725
8204
11762
19693
17394
8403
17240
12710
12863
16286
19641
15655
8512
17739
19281
18425
12613
19586
7924
11392
15769
12766
11041
14789
16219
9686
13017
12257
15930
18174
14300
15120
15579
14681
13669
12676
19464
10921
11737
10272
7399
10052
18711
7485
10703
10580
17726
18819
12178
13337
9051
17400
10089
18049
8954
16626
14754
16212
13239
19483
8714
14424
14320
15807
12029
8676
10408
18766
17132
13247
17191
17061
10571
17477
16158
7866
14188
14554
7562
17218
18045
8504
17318
10327
11720
15753
16499
11910
8090
17414
10641
17869
13954
18152
17785
11331
9000
15730
10637
14238
19910
13675
9280
11785
15005
7807
8064
16107
19178
14610
7463
7439
12644
13819
8060
14372
18651
12049
10610
9401
12745
11462
10951
16285
16864
9877
12966
15273
12286
11055
16960
14207
19418
16059
9020
16254
17719
12844
8196
16617
8670
8441
19905
17702
19491
12882
10960
18715
9628
15766
19763
15621
9472
16798
11314
18465
16943
12133
14630
14349
9080
18510
7579
12244
7311
13097
13377
19856
17308
18182
9610
9716
11834
13860
16967
16839
18008
19904
17684
8006
16812
7700
17090
14165
14387
7497
13893
13764
18220
18886
15722
19232
7807
13622
11897
8462
17548
7437
16777
11252
12419
10550
8363
19108
10354
15779
12978
8309
11800
13786
11101
15289
17434
19582
17423
16619
13106
8335
17058
12651
12352
19249
9096
8895
18151
8646
11521
14138
11672
14446
13137
13913
18071
8629
17782
8117
16154
14006
8677
19349
11778
18646
12552
10134
7294
16925
9429
14345
8740
12373
11613
18080
10551
9419
10464
11560
18851
9943
17178
15738
8983
14747
18527
15352
17799
11577
11235
7860
17573
16855
7996
10837
11934
18270
14143
10025
16753
19028
8933
18536
10227
14980
9143
7348
11159
15348
18970
14945
8123
19446
14199
17808
10608
10119
11420
8185
7496
16833
11553
9577
9155
8128
19479
18128
7904
15310
18669
12338
11750
8231
19728
13371
12088
18729
12118
9468
19347
12168
14623
11947
16573
9703
7248
8373
17836
11000
15728
9937
15397
13955
15568
8744
19222
14736
18678
11367
7276
8905
12879
13708
14239
8178
16561
12063
7319
15727
15661
15657
9034
13602
11236
7818
19522
16685
15510
16190
14257
17509
18515
10845
8382
11478
10922
14996
18549
11152
13301
7438
16414
18234
8074
11016
10777
12538
14492
13602
10745
10030
7219
11210
19245
18355
17714
19495
18417
7608
7364
7468
13758
11612
10571
17760
9496
18091
17134
18012
14854
15111
13581
18285
13807
8130
14451
10942
16057
10481
14152
16330
18941
14934
14229
17894
11583
18949
16910
17121
9443
9924
18213
11191
16956
13725
17378
13880
19019
15544
10520
16291
18781
12533
17322
9891
13791
15632
9077
18330
14512
9909
17361
11806
8986
10915
8164
11833
12858
13481
19845
19255
13286
7176
17658
16638
8742
18191
9047
14830
13755
7366
14044
13998
19526
16998
9196
11458
16999
9471
8674
14197
11278
8833
18776
9507
17035
8259
9466
14697
13502
18618
11065
17856
17523
15460
17930
8586
14729
8985
12407
10893
10908
7614
18739
16565
13229
7281
17597
17511
8343
19405
19817
9327
15543
10872
11537
15088
15006
8045
10278
12434
12012
12756
13899
18779
16763
16825
8352
11164
13769
19137
18332
10555
19826
13155
19463
19680
7200
16891
8100
15439
9138
19298
11698
17202
8730
16257
12815
9380
10321
7872
12682
10280
17806
10365
8304
16970
15491
9925
14558
8813
17129
17180
8608
9399
18656
17253
19753
13638
12549
12509
17794
11831
16276
7344
15789
7220
8650
14665
15453
7279
12075
19308
12388
9882
7777
17906
13839
13563
17879
16814
10977
9733
15691
18271
10802
16086
9326
17650
14954
12286
12087
12423
9132
10375
17430
8084
11153
13815
15928
14102
15347
19370
10122
17028
16829
13959
13378
7564
13671
9667
7375
12306
13644
14694
9005
18964
19720
16191
14332
12072
11341
12913
16861
12502
12867
13511
18903
18072
7233
13403
9733
15433
8582
13942
11125
8175
7674
12007
14839
16615
16961
7524
18367
8353
9201
8751
9264
16538
19285
19685
13497
8033
9456
7939
16457
12842
17351
19175
7868
11875
14217
14532
10113
15483
19439
13862
13844
19510
10646
11011
15197
14643
9487
12860
19148
19865
11636
19961
14823
10882
19358
10382
10853
11272
12935
11009
14928
12100
10024
12183
15005
10958
10404
13958
15033
13575
10184
17284
13078
9060
15356
15309
12411
12292
12520
14966
9189
9803
17994
11277
10136
14195
18619
19635
15487
14605
12838
19020
19516
14546
9738
16909
11587
14502
17871
7649
18942
7837
18786
11019
10364
16084
16244
13278
10280
11261
10975
15837
18005
17668
9732
12575
18313
14530
7273
13824
12184
10583
12195
17639
14589
15320
15343
19387
16613
8158
14095
19474
10904
19804
13499
16779
10838
16861
16197
10453
11339
8678
17939
12322
14396
17796
11139
7747
14968
11045
11003
18114
15897
7665
13704
17321
16214
13752
16781
14405
13325
11658
8468
18986
13469
10923
7221
10144
13440
14633
18025
11063
8564
18214
14397
10405
11262
10992
14190
17947
18629
19868
15315
14392
12498
10051
12463
9418
17182
13336
13724
12450
12947
13637
8739
15983
14921
16787
8713
7813
13276
12639
19012
10363
14029
7730
16914
10749
13714
11062
17388
10533
17740
11665
11482
13163
19830
13467
17243
19354
12079
13296
17988
8914
19035
12219
16744
7945
15359
19061
12379
9148
16066
17294
10466
8680
14626
10746
7935
18439
15299
17861
16800
18271
9276
9710
12371
7245
17223
14439
9359
8719
9462
8664
14533
15295
16456
14727
7616
11070
10347
19877
18641
11880
10012
18621
17852
16768
18812
18595
19174
17663
16698
18943
9417
17164
15374
17503
19541
8831
19077
8796
12530
13187
11052
12942
19590
17307
9903
16991
11864
14074
10884
15157
12207
12144
15275
18592
12044
15029
14575
18430
12628
16854
14251
18339
17432
11231
7630
9837
7508
13326
14381
10003
12426
7547
16126
12090
17011
17975
14861
19103
17154
19191
10329
19733
12795
11809
14706
13679
19261
11513
13006
13320
18972
11323
13288
8274
14199
13551
7922
17175
7746
17612
13796
8867
8975
19368
10451
18948
19547
11089
12515
12730
11018
11232
17086
8391
9800
7216
7933
18728
17038
17493
11626
14450
7634
11695
8930
13965
12582
15265
17343
19883
19713
7762
11776
18297
16905
13114
12282
10031
9693
11931
11449
19928
17076
7187
12845
8400
8899
14466
15177
7289
13019
15874
9637
14363
14657
15406
13660
17517
10062
19487
17095
7298
10684
14226
11559
15973
18909
19906
19991
11628
16834
9639
13411
13639
8389
8654
14258
14309
10418
7430
13450
15457
10960
19745
8232
16542
14549
14935
11485
7631
14640
15817
10515
15069
19348
18075
13720
12205
18240
16040
9467
11949
19252
19972
7585
8802
13911
11611
19273
18318
13057
10403
10305
11308
18633
18916
7337
14327
18187
17742
18845
15642
18002
15703
19884
16957
11758
17706
14407
11171
11689
17826
13900
16180
13303
10307
16081
7488
10790
10090
17679
13903
19177
15677
12827
8687
16298
11194
10350
14653
14829
16521
10371
8439
14091
9294
19706
10393
18519
18615
17176
18954
19771
9375
7695
12164
10979
18255
14579
15587
19620
18394
8959
18798
13161
19898
7283
13359
8173
11077
7633
10185
19929
11117
17003
9940
15647
18461
18398
19802
14130
19682
18499
17602
19292
15453
13235
8342
15246
11374
11251
8778
10002
15470
19789
14661
13883
8174
17276
14776
15437
17187
7989
9065
19122
8987
19947
11186
16582
7590
17150
11258
13797
8479
12225
11288
8667
12244
7786
13711
19520
9741
17084
18732
17514
18244
14319
16299
15124
10812
12817
16729
14193
10255
11443
11700
14431
13398
15370
8864
9564
11717
11572
14480
14410
10175
18465
9132
9146
18729
8380
18775
8280
12898
10852
13992
18659
10836
10025
13024
15379
16033
9224
12925
18017
13528
11220
18772
12324
13240
10593
12848
18755
18493
13171
8514
8946
13977
19341
15620
13314
13086
17822
12581
12872
16368
8787
14769
18261
11394
12725
19633
8281
19859
19754
9949
14101
15461
13721
14136
16418
18397
15384
7891
11846
12921
19934
16503
17317
16647
7488
19113
14581
7708
8653
17273
11455
9847
9797
12270
9811
10762
11779
12993
7442
16767
19946
10745
19912
13191
14341
15584
15199
10924
17460
17215
16896
11928
18133
19144
15605
15528
16042
13407
15845
9532
13619
13659
10820
16966
14852
18604
8165
19638
10178
8048
8471
14801
18178
8092
19014
19585
7827
14720
14346
15385
17169
12833
13029
8189
11743
11068
18312
14886
19171
16475
13423
15748
8396
9195
8410
14815
17289
7297
11819
17741
19741
12896
9129
13935
13169
8675
7712
17958
8120
17518
19811
7523
17834
15327
7476
12731
12660
19594
17713
16010
18898
12260
9822
11854
12250
16585
8480
18928
14283
14677
13026
13343
8003
12213
8194
10948
18327
12683
11541
13567
13550
9234
17995
14264
17505
19109
14583
7648
18281
16122
19004
14413
19589
14174
9522
12787
11370
8168
15921
19312
18259
10117
9101
19747
17120
15976
10506
7349
7913
16562
14408
10175
12621
18792
18920
8263
7917
13249
16505
14751
7830
12181
10490
15154
8804
16661
8878
17991
19156
11904
12794
8170
9681
9013
18572
11862
12781
15974
7177
8522
16667
10917
14878
16912
13477
12308
8531
13083
14222
17797
14305
11149
17233
17245
12945
13621
10931
8775
9357
12990
8414
10239
11027
17176
7876
9302
17549
11592
14035
15710
15676
13748
19513
9807
10607
15745
16908
9613
15651
19163
7254
7190
8566
12938
9187
14107
8576
15427
13191
15938
19768
17317
14014
12277
10247
8571
19248
9676
7323
15767
7394
7204
12887
8152
14800
13557
16149
12344
8991
18184
14483
10197
18642
17927
7201
10045
14890
12600
16195
13383
19960
13266
11673
10663
15795
8300
17298
19276
17155
9641
10122
17907
7679
9707
14875
11199
19199
7912
14329
16324
10104
9885
12413
8857
12256
17357
11550
8283
19661
15252
7823
8837
15055
14232
19583
16701
15047
9115
9699
12139
14078
19113
19422
9571
18412
15280
12082
7972
17195
19264
14766
8387
18909
13945
7820
18639
15104
8800
13898
17972
14734
17138
9578
18692
9688
17310
7895
7627
18476
18333
11736
9689
19782
7736
12761
7908
9226
13004
15045
8348
11625
10509
8768
9489
19635
15966
19475
11906
19539
11206
19945
11334
13290
13002
15567
16093
11415
8902
11383
14084
14131
18998
16714
15095
8293
16646
16518
18179
8882
15623
14470
12669
12885
18757
14830
9483
13822
13849
16497
17682
16286
12341
12050
14388
12276
14361
11610
11066
10296
15213
19391
17367
9673
18155
17689
8370
14192
7223
18350
14411
15011
7576
15364
19602
18441
13727
15388
10736
10067
13940
15155
16535
18993
15470
11732
18069
9313
17485
16331
18938
15673
10463
15379
19959
11719
14875
12210
15586
14114
12096
8512
18188
7882
15909
11175
9986
8785
14420
16657
10124
11685
19406
17777
14806
11062
17166
17143
19225
10989
11124
15937
7991
8819
10259
12479
19574
19587
12451
18280
18635
19227
8399
16220
7566
19743
10367
9629
18863
10903
7956
16272
17021
12821
13468
10805
7621
18102
10377
18849
15882
18996
13845
19264
15478
15706
19323
14849
7452
13250
15136
19694
11460
12103
19336
7287
10331
19862
10706
10014
19866
9841
19477
18311
11618
8172
8186
19331
10982
9184
15269
10217
14075
8659
12518
11881
10044
17736
10348
14654
9180
14007
19270
19838
19111
18237
8656
15140
10537
8488
7373
17185
11105
13725
17006
16174
10969
18851
9778
8753
18848
12405
14753
11022
19777
13541
16684
17451
12055
11564
16823
15399
12476
7683
7280
16916
7475
15442
7205
18566
13457
11692
14500
17647
18551
7592
17104
17397
13584
17375
13265
11586
16578
12494
7188
8874
8061
10099
8011
13408
10642
12347
17749
8151
10980
12107
14371
15662
11569
10683
14700
7698
14425
16404
19389
11032
15112
18889
18099
18496
19457
8332
12663
18341
13601
11438
16176
19190
14970
13315
13472
11305
15008
10562
15616
12759
18246
12128
17447
15908
11840
18153
7283
19462
7635
11184
16910
14166
7768
15704
10197
15064
10007
7213
14791
17263
9869
12015
13841
7938
16177
15010
17475
8535
11343
13906
16046
14582
16308
13841
9630
14868
13357
19882
7239
16762
18207
13084
9574
16818
19316
16820
9611
19334
17372
8644
7588
14012
16077
11404
16509
19627
10633
13649
12203
12315
8882
8183
18032
18152
8255
13526
14901
17886
9461
17603
7383
13181
17098
7395
19543
14684
7312
9448
18131
11397
8952
9144
8714
14708
7516
13803
10704
9697
8234
11892
8894
16405
18374
16312
15724
12439
13953
15849
16885
16633
8828
16319
15663
9412
18529
15247
8928
9299
12354
9169
19186
8552
19173
15502
17638
11049
11593
14003
9808
19372
8228
18695
15288
18544
12908
17763
12193
16184
9592
16281
18529
12975
8270
12697
7721
19414
17025
8584
16876
10326
13628
8539
11856
11868
19460
17471
7748
19323
9408
19239
16318
9135
10440
13809
10414
13454
13995
14728
8679
10588
15118
11324
13893
10200
19807
16231
18814
8132
9593
8366
19005
8277
11978
9436
11427
7657
10040
16570
14111
16629
11211
13809
18510
16754
11389
13713
17428
19373
8726
9120
10458
9252
16130
17233
9755
12319
19816
18900
19879
9455
10560
15788
11705
10038
16637
11297
8879
19903
11168
10611
11217
7243
11047
17050
10237
13642
12933
9605
12774
17438
17621
12030
16337
10581
7714
14256
15894
16603
18616
15143
19535
9599
7179
12702
19949
19013
18380
10682
15322
11649
11487
12067
13201
17730
15741
19133
14957
12556
10713
15729
9890
16841
9484
18053
16912
15701
9055
19052
17167
10929
9965
19213
16027
17037
15266
13886
19493
18577
17957
15799
19991
14150
18314
12871
17537
16951
11439
16136
19328
15770
16791
13453
14119
19479
12410
14709
8859
9485
7660
11363
14310
18995
18881
15575
13664
19042
19916
13244
14060
16211
17172
13606
14740
15948
8153
17783
10057
17423
13986
8525
18171
14154
13175
13154
16157
14547
12111
19700
8740
17348
10126
12236
14323
11595
12970
15420
18037
16939
16803
14662
12908
10644
11540
13825
11306
18392
18955
11967
17323
8866
13362
10512
14024
8009
10479
11173
7673
13406
16513
18761
8673
8999
8984
8736
7603
18949
10857
7329
16125
9652
17752
12918
11922
11226
11395
14186
18134
11976
14057
19241
10738
13592
12389
9175
14758
15363
19041
15284
9588
8297
8285
13506
12726
14635
14842
8719
9364
10566
17330
18832
19843
16937
11571
10201
12192
13155
16782
18189
10439
18815
19684
17971
12374
13271
19661
8697
8040
12113
14162
12458
16170
8398
13076
16709
7756
14505
13190
18006
8207
9056
18620
11229
17944
11332
10767
15366
19356
18858
16959
10833
9457
15640
12289
10099
19545
12352
13881
17914
11123
12690
11599
13275
18067
17102
11902
16114
14948
14722
14336
18532
9298
13776
7713
10076
17242
10418
17259
16493
10768
9283
14328
8810
18222
14209
7767
16410
15141
13938
18361
8365
16222
18644
11677
11639
15024
14518
11920
16304
7461
15376
17526
19546
7773
10604
18482
16488
18652
15193
8449
10450
15254
11276
16936
11573
10514
16451
13674
19002
11303
8105
12591
9287
17227
9453
13779
15314
14213
14747
13195
10474
14634
17903
17851
19452
13267
12224
18175
8420
10927
18136
13391
8554
9389
16525
16958
11165
18767
11586
14241
17312
12916
18939
11180
18483
12573
18159
14749
12729
11669
19446
18898
10359
10931
19315
9268
18644
16484
8708
11446
8249
7929
15060
16069
8022
16632
8027
8827
8733
11970
10157
13012
14732
15876
12153
13866
13586
15711
15451
17046
10766
11451
9895
13182
18468
14473
15765
12025
18382
13118
15448
10817
19280
18887
11882
10629
11343
10275
14998
13608
12797
14315
14415
8047
16533
11314
9012
9444
10946
13066
15312
18087
19598
10636
9078
13042
11633
15474
19283
19454
8758
15556
15377
9103
16509
17230
11268
17571
9737
11414
17956
19035
17443
10723
14867
8198
14739
17494
16115
9208
17985
10283
12977
19936
10266
12067
13008
13388
15612
19115
18672
18721
14794
13215
17101
19767
12041
19141
18522
17712
7785
15778
13919
11191
14783
14012
13647
19128
16531
12849
9037
7506
8746
11424
15820
12332
12386
14888
9126
11884
9908
18263
18817
13257
17771
12187
8944
14406
10868
18140
10814
17551
8427
7632
7950
12077
14808
10795
11615
19558
13957
14508
12632
7640
9107
18030
8480
16922
17559
12222
15989
17077
12427
12174
19819
17895
8357
19055
13069
8159
11727
7810
14614
17233
11224
7265
16322
8771
10147
14765
10061
10132
13492
12751
11479
16765
14601
8273
14855
18327
13696
12123
8943
19143
14918
7550
12449
11338
16830
11991
8176
14940
9423
12275
14380
7637
16423
9550
15327
10337
19628
13743
13683
16434
15806
11985
16845
14000
7737
11250
18962
12647
13399
8937
8826
12722
18877
9851
10920
14785
14793
7429
14000
13949
10158
16317
19278
19964
16734
13640
8724
18607
18178
13143
8595
11609
9664
9553
18743
17086
9091
7560
14977
15167
12482
19430
18554
7795
13376
9081
18204
11254
11883
9067
16389
7778
12542
15822
17845
10915
11282
11319
19240
15790
17764
9446
14685
19380
7597
11843
15093
16290
9988
18940
14170
13827
17072
9469
14981
8588
8795
10628
12408
19981
14972
18323
7471
13624
18947
9494
8921
14419
18206
9004
16547
10536
18001
16008
16420
16569
14344
15084
12474
9941
11198
8071
16380
14725
15968
10829
10530
9272
17215
12470
15172
16357
8861
16721
9346
15176
18973
8116
12392
19123
12109
15022
14385
11320
14030
16550
11008
17970
9796
17655
17116
19823
7992
9074
9917
16931
14817
11741
7568
17470
10033
13348
11859
18269
10707
10949
16952
8927
19551
15166
12784
12594
10941
14359
14641
14872
15526
13111
13920
9698
15401
16099
15062
16798
9880
15648
14247
14086
15187
8990
10591
9846
8003
8715
8262
8372
9321
10886
18009
13090
12588
19995
19902
15195
9961
11731
9229
17688
17978
9911
13607
9608
7994
13180
8821
10956
18697
9110
13118
18826
15078
10985
13949
18553
9378
10511
11036
9633
9285
16693
17117
8051
7787
16354
11274
12809
7342
7757
8953
7661
16897
10994
10834
13020
19710
19416
13577
10301
12790
17382
7860
16620
14356
9312
9237
18419
16005
18147
15809
17921
11796
11044
7699
14226
15847
17407
15392
11708
17959
16608
7658
18219
14429
15335
17923
10878
11110
8765
8956
13971
19890
18829
15049
17217
18961
11113
14325
14561
13951
15333
7723
14009
18795
11894
19379
18658
11010
14248
10456
7444
13400
12824
14508
12864
13703
8769
11297
7180
17280
7817
16766
9915
13700
12516
10372
9111
18390
14595
12762
17030
7307
11846
14958
8443
19552
16114
13534
10822
10209
8995
17005
10055
19376
13184
12946
11948
17498
14889
10965
10470
16843
15569
13437
13143
9157
9139
11879
16660
10211
13689
16583
15108
18671
11547
8668
12875
7289
14271
18368
11817
9740
8331
17034
9660
12490
19042
12940
17535
7974
8776
15105
12917
7292
8966
7688
17386
19940
11591
16621
13833
12272
14097
9857
18855
18083
18492
17480
17769
8918
14858
10524
9810
8587
7477
10314
16929
13233
14798
19375
19266
17873
10053
8915
10972
15017
16118
9836
18841
12420
18969
16907
12274
7436
9385
9031
11079
13539
19522
16343
13158
16329
19489
19032
16403
8126
12944
7467
10071
16618
8195
Comparisons: 38439, Exchanges: 18458
