1866
1920
1987
1913
1908
1961
1915
1973
1949
1977
1968
1911
1951
1990
1974
1956
1991
1960
1916
1939
1947
1987
1971
1909
1936
1953
1992
1965
1927
1933
1980
1945
1983
1959
1935
1996
1924
1934
1997
1964
1921
1993
1929
1937
1972
1918
1977
1944
1985
1929
1931
1982
1940
1941
1991
1921
1983
1941
1962
1967
2000
1981
1920
1975
1969
1999
1997
1950
1943
1955
1928
1932
1917
1986
1957
1919
1963
1958
1989
1952
1976
1966
1954
1979
1970
1946
1948
1912
1994
1924
1938
1926
1914
Comparisons: 6535, Exchanges: 4558
