3868
4726
4408
4141
4994
4453
4175
4783
4134
4129
4233
4414
4779
4179
4624
4211
4665
4204
4110
4827
4768
4176
4244
4292
4703
4354
4182
4602
4607
4348
4295
4423
4439
4329
4386
4106
4286
4729
4585
4919
4761
4804
4816
4999
4840
4198
4794
4990
4561
4333
4489
4316
4463
4131
4169
4556
5000
4337
4145
4573
4376
4695
4908
4390
4259
4385
4934
4785
4193
4324
4388
4145
4133
4456
4205
4577
4357
4863
4682
4223
4380
4355
4629
4115
4546
4367
4987
4261
4256
4327
4574
4848
4480
4299
4634
4462
4986
4469
4886
4805
4432
4315
4903
4222
4187
4798
4597
4905
4802
4725
4539
4292
4823
4125
4654
4705
4788
4852
4474
4302
4958
4935
4885
4499
4400
4260
4545
4555
4546
4580
4651
4553
4747
4218
4740
4658
4700
4741
4841
4898
4875
4685
4430
4424
4858
4909
4807
4669
4866
4530
4589
4619
4586
4950
4185
4270
4342
4161
4121
4796
4234
4673
4909
4448
4216
4894
4237
4406
4937
4207
4633
4485
4348
4194
4534
4880
4766
4752
4202
4811
4146
4177
4458
4640
4631
4134
4505
4287
4178
4462
4412
4248
4468
4557
4719
4158
4314
4536
4571
4930
4529
4250
4421
4143
4394
4502
4296
4824
4351
4832
4467
4438
4415
4937
4395
4132
4243
4717
4124
4921
4213
4358
4541
4860
4967
4298
4637
4706
4149
4214
4370
4113
4478
4627
4206
4698
4895
4417
4591
4831
4736
4869
4107
4122
4670
4519
4359
4853
4237
4330
4409
4591
4624
4503
4196
4613
4821
4721
4277
4192
4300
4209
4821
4710
4365
4690
4313
4925
4488
4288
4696
4571
4680
4803
4643
4154
4162
4882
4701
4535
4418
4397
4668
4843
4345
4227
4588
4343
4824
4346
4808
4383
4109
4749
4800
4307
4754
4171
4724
4234
4981
4310
4834
4232
4219
4886
4675
4664
4735
4483
4896
4639
4328
4508
4973
4543
4531
4402
4114
4501
4603
4981
4782
4968
4267
4948
4558
4854
4428
4319
4927
4137
4157
4575
4275
4778
4959
4352
4366
4457
4646
4988
4441
4679
4373
4306
4984
4746
4172
4913
4247
4762
4863
4443
4653
4836
4734
4850
4763
4379
4211
4689
4991
4646
4881
4298
4971
4858
4716
4308
4446
4285
4873
4422
4239
4771
4892
4226
4518
4103
4153
4837
4583
4316
4102
4319
4123
4331
4317
4961
4974
4618
4371
4387
4745
4104
4610
4611
4493
4167
4899
4435
4870
4942
4627
4291
4332
4677
4941
4334
4340
4208
4364
4931
4497
4582
4450
4117
4922
4344
4791
4290
4402
4645
4925
4890
4509
4884
4511
4347
4688
4686
4630
4550
4995
4691
4954
4311
4766
4533
4593
4302
4297
4250
4996
4625
4473
4391
4772
4796
4128
4396
4608
4398
4399
4564
4249
4980
4487
4784
4472
4943
4776
4902
4722
4604
4861
4426
4542
4765
4168
4523
4341
4163
4275
4996
4718
4730
4119
4566
4425
4723
4955
4855
4229
4609
4635
4264
4189
4282
4362
4598
4751
4953
4254
4475
4728
4641
4111
4813
4484
4620
4998
4789
4962
4465
4879
4420
4521
4567
4471
4143
4917
4840
4281
4445
4647
4864
4701
4947
4595
4245
4616
4265
4758
4952
4302
4165
4477
4410
4907
4851
4510
4323
4309
4528
4142
4640
4590
4890
4918
4636
4118
4587
4150
4199
4156
4713
4579
4989
4130
4812
4709
4554
4877
4521
4476
4809
4389
4491
4372
4126
4914
4897
4579
4662
4806
4416
4506
4527
4563
4810
4382
4322
4992
4443
4201
4981
4180
4889
4190
4576
4632
4601
4820
4715
4692
4173
4494
4847
4549
4731
4151
4829
4374
4606
4676
4838
4650
4764
4929
4219
4461
4666
4355
4936
4828
4498
4965
4225
4769
4260
4861
4599
4489
4392
4916
4694
4525
4714
4492
4495
4568
4284
4112
4974
4183
4759
4871
4252
4923
4696
4429
4278
4561
4241
4671
4771
4550
4931
4747
4334
4969
4938
4712
4877
4460
4378
4584
4660
4944
4911
4901
4673
4932
4883
4560
4148
4185
4756
4667
4539
4957
4138
4339
4570
4757
4352
4303
4621
4684
4927
4401
4293
4955
4605
4181
4818
4257
4375
4514
4825
4729
4455
4795
4552
4792
4485
4360
4454
4164
4433
4699
4437
4819
4231
4569
4282
4844
4777
4168
4258
4252
4547
4155
4867
4706
4970
4622
4202
4198
4336
4770
4732
4693
4538
4267
4263
4786
4139
4500
4649
4973
4921
4751
4846
4799
4912
4273
4710
4449
4985
4781
4431
4737
4209
4817
4280
4524
4949
4672
4116
4868
4532
4791
4459
4773
4242
4613
4195
4774
4966
4227
4614
4482
4440
4659
4140
4838
4381
4834
4920
4660
4990
4815
4683
4959
4738
4872
4349
4213
4874
4443
4961
4255
4876
4419
4900
4269
4326
4195
4376
4598
4311
4166
4755
4152
4972
4617
4279
4595
4188
4515
4271
4273
4855
4662
4975
4451
4520
4221
4464
4594
4289
4978
4266
4563
4403
4393
4427
4159
4127
4411
4743
4558
4321
4230
4191
4507
4361
4496
4786
4536
4120
4779
4436
4750
4644
4481
4107
4657
4544
4450
4236
4224
4790
4504
4964
4681
4516
4830
4367
4513
4160
4857
4325
4246
4136
4904
4384
4173
4940
4512
4979
4849
4676
4526
4651
4800
4906
4103
4638
4915
4434
4369
4656
4240
4413
4407
4184
4578
4833
4739
4469
4708
4845
4363
4744
4442
4887
4337
4217
4623
4271
4951
4405
4945
4655
4760
4720
4687
4726
4742
4704
4891
4479
4944
4611
4517
4814
Comparisons: 10341, Exchanges: 5353
