2111
8253
5052
6600
9108
7926
10426
16683
6422
17165
15310
4999
14742
15441
10903
4722
9628
14054
12038
8391
7706
5258
17820
11131
11401
15979
9959
12481
13693
17380
11604
18570
14734
17342
19969
12195
8290
5275
5558
13573
9631
13136
19854
19041
19512
7257
17896
19212
17167
16908
10662
19436
14577
12730
18411
4547
18427
13128
8235
8393
4100
16137
17684
12876
6345
2637
9158
14913
13855
11597
11932
14473
15176
16320
13386
5775
12492
3151
3745
18117
18306
2956
6920
5561
5288
8711
10442
7859
5979
4926
4005
10757
12201
3442
15813
12661
12099
8972
18442
7892
9499
17484
3824
4244
3714
13760
16126
9621
6051
11495
7865
18150
16855
10471
8188
3034
19159
13847
4737
9405
5283
15301
4885
11444
9170
11176
19929
19360
19465
8764
13196
3667
9795
7684
8009
7654
3660
5249
10703
9079
2551
8955
9999
19417
3413
4198
10260
3847
8829
3038
3907
16220
13829
19859
8807
14215
8754
14117
10073
8618
4127
6194
18270
7637
4428
9539
3619
6375
6096
9552
3181
15676
17068
19380
16501
8868
15055
11197
15782
18761
11802
19382
14259
10763
18273
3884
5280
19651
12367
12484
14087
11105
7270
13865
7212
17818
9746
19135
13294
8926
11067
12204
8385
3441
10931
18095
6965
2688
5542
11570
3780
13951
13909
6154
10525
15149
19716
17751
14120
14489
7039
12490
16521
18440
19972
14620
9723
4621
8361
12119
8733
14952
3071
13340
17451
9573
3503
9475
6364
18499
5996
12778
3371
9953
8185
7072
14813
3892
6839
13496
4862
9193
3666
16012
13527
10940
7715
14403
3991
8734
16754
18834
7551
3946
17502
3841
6387
15053
7653
4461
19053
14954
3205
10324
4116
17092
8109
18406
4194
18630
15875
9651
17922
16341
10678
17288
4448
11003
18933
4594
17144
6125
9171
2620
3918
5644
3210
17689
7345
7083
19009
9407
2358
19524
11963
4184
12259
18877
17821
16868
16627
11854
14155
10026
12376
12857
17673
19028
5068
19339
8162
5872
8712
13783
2878
5273
11280
4707
13621
14760
13124
11917
17253
18108
3735
2652
13423
19829
16814
4723
12528
11883
5570
4278
19618
7678
7299
10043
11332
18682
13160
14957
11490
8095
2552
8556
14423
5518
4460
6599
16163
17089
15830
6010
15073
3339
7002
4232
8803
6273
10813
4533
13001
18827
5841
6644
14029
9293
6319
14841
19668
13814
6699
4859
13599
19906
17279
14002
17592
5420
11232
18309
16016
17743
12936
4266
14643
18537
11680
7587
9177
10618
18900
11291
17978
17029
13637
14411
17190
12928
18275
6768
12581
14484
9678
18872
5488
10614
8314
3517
10331
16746
7049
8737
3742
18456
4642
9019
16702
11341
17464
9604
18455
16160
14093
11781
15953
13262
11462
4267
2772
17303
6182
6058
10372
18216
15330
11422
7676
4368
7003
12858
2309
7586
15616
8312
6486
2671
6082
12521
17813
2954
18437
16997
7509
6059
3519
19498
16250
15874
18509
8025
10029
16109
10484
10137
17476
18555
13767
14175
12417
8179
19507
6959
11025
2413
4994
2697
6008
16125
9761
17787
8107
7101
7154
17229
4431
12133
2432
18969
4455
17391
13492
18727
18968
10838
14822
15094
11114
17855
18864
6473
4838
3298
19074
18408
19685
13350
11183
6925
6263
5495
18104
7930
7358
7245
15465
12218
13483
16829
10237
5850
12549
2922
15612
11212
6005
6376
6062
10924
19027
12781
5410
19540
18035
11586
17328
3304
8236
6664
17298
9868
13843
17428
11450
17384
18349
5206
4782
13558
6428
2899
3788
15047
10243
10789
19588
12572
15198
6561
7512
6354
4482
16922
19272
7595
19924
13229
14701
4693
13302
12945
19670
16006
15242
17368
19201
14477
11777
19775
17014
8138
4807
3460
18984
15131
18472
12510
9891
17699
13377
16526
18082
11137
12012
2888
15620
8752
13466
17187
17729
14160
10240
19251
16230
9157
8691
3430
15455
6914
18848
19968
5010
7458
4019
6459
5211
19548
12862
18947
13895
13345
2446
16915
13997
18090
5066
16077
4146
3195
4099
5620
10944
8055
12893
13279
9864
4211
11758
4056
10488
12069
10449
17886
12421
15987
8837
12279
4627
10565
11694
4637
16870
14292
18917
18430
19998
15480
3850
11725
10048
14594
2924
19402
9209
6541
10007
14298
13062
13399
13710
18542
6483
16925
6611
11729
8027
11348
7365
5584
13243
7901
9414
7163
6606
15847
11116
10401
3512
8203
12016
7096
14819
19481
7047
9961
13816
10229
16068
17631
10948
10724
2830
10518
12086
13856
16546
11387
18718
8074
18662
13724
14307
5837
5663
16190
14546
13741
19529
5803
15113
7030
17786
7485
4027
3647
8287
16497
8565
14860
14668
9411
13451
18954
12835
7197
16762
4956
7161
11875
14539
19736
8419
10232
4711
19088
9821
8723
6126
5393
15308
14628
14147
16226
7090
14962
7943
5635
13078
9592
17381
17026
5588
19165
13873
8080
5053
8634
7991
12652
14694
17585
10737
7766
3020
13085
19411
8297
16427
2931
8046
3421
7330
18205
17121
17351
3338
17179
10999
19687
15494
9068
9527
16101
11721
19611
17486
4764
4190
9312
14180
4434
7718
10726
6786
18513
14148
10082
16825
6210
8367
9431
3125
10980
10610
3115
4669
6900
2395
2456
13179
2971
2539
5615
6691
8643
9339
3579
5631
15258
18342
15110
10319
5686
10631
13283
4491
18187
10559
9805
3152
2816
6146
19241
9775
12181
13144
13158
5828
16610
5586
3692
7786
9632
2934
10300
15206
5527
18538
17988
17539
10171
6872
9926
4355
18645
12642
11318
3492
15403
10152
3773
4980
5785
18650
11070
6601
3616
6818
11513
10557
10109
2861
4856
10706
8676
2577
8442
11968
16643
3794
16407
5426
7727
15058
9797
15118
5067
13799
14562
17558
5700
16613
5738
10437
18808
4007
3458
3882
12317
13192
6650
17135
4341
11971
17356
5160
2735
9141
13278
11178
15309
19290
15659
5300
11931
14430
5027
11575
16406
15274
18055
2311
15998
9890
16676
12757
10752
15903
13083
17801
9949
6120
13803
17761
6353
8983
19594
15429
9557
2482
12774
8122
2944
15774
6654
14373
13746
10880
7388
14887
18997
2582
3245
2773
17392
17056
14475
17062
18731
4724
10420
13914
14121
8035
14227
19740
8402
11078
12071
7507
10177
19841
4588
15858
4848
13680
3935
19440
8137
13520
11697
13957
17005
9053
13994
6074
9302
5506
17669
13964
16629
3006
18874
5289
7116
14958
4484
13588
12998
13749
11381
3885
15600
13395
9102
18405
7861
4748
10970
13442
12174
19149
11410
17986
4106
11103
8268
5476
6725
16299
18284
15272
4923
12004
6946
3301
6254
2959
11851
11600
18462
11263
8661
16765
3606
16559
12759
15318
19816
18617
18295
15572
14814
5038
14050
12105
3384
11214
5350
14467
4142
11086
3522
19954
19451
7010
18124
4413
11031
4920
12287
11891
13429
3009
5445
10746
4592
9998
9757
15863
13261
8639
17413
4148
8398
8545
14875
9160
13486
16374
5360
11503
6503
12427
4427
9043
14230
12005
9122
12599
17634
7740
11321
19397
14513
12635
7308
6209
5898
14653
2877
18545
18366
6095
14825
18023
2549
3224
11258
5071
18443
19561
10212
11314
8184
19694
3575
18025
7040
10796
2522
5292
9436
18674
18303
12921
15137
15933
18040
19533
7810
12584
2677
16800
17897
10861
17208
14142
12608
3092
18539
4088
15818
6260
15263
19759
2775
7696
16938
12193
9309
13666
7720
8873
9443
7171
17164
6024
10551
5710
12660
5209
13403
8707
14639
8861
17637
7617
8736
16752
4203
4259
6617
8584
5523
5568
18072
9936
15325
4251
2968
17101
18304
10162
16554
9710
18754
13586
6765
2909
19289
17305
5901
4673
19814
3693
2727
11767
13321
12498
8714
4182
16747
17284
8559
12872
18274
7889
13823
13449
14400
3816
12085
8846
10686
5143
16113
10038
17755
8024
8646
14982
18723
14088
17529
16107
7407
16015
16518
7078
18387
13583
10563
4792
12502
4819
15378
6495
12111
18721
19387
15851
7872
16779
13047
3344
19347
13484
16377
13020
10803
14378
17406
13075
9338
12078
9358
12330
8248
10479
5412
7344
5208
7768
10330
15516
6835
10418
18484
18360
4117
13333
16820
14483
14020
2424
15111
17143
11132
2810
14657
8234
10928
18393
11882
7255
18610
18101
4951
8420
16751
10475
18196
4412
18840
19259
17881
9946
13467
10287
19897
5061
9843
3894
2307
6316
13812
12115
18419
9335
14570
5962
9085
12341
8614
12973
14873
12247
15704
19514
12034
19047
4942
13256
19613
4279
9860
4567
10391
3143
4394
12693
16590
18742
18148
18544
6461
3204
9074
4407
10956
7840
2800
18064
9951
14824
8451
9667
13594
15085
7269
19944
18130
13012
7934
9576
6852
4935
19434
9044
15611
13800
12362
11227
9693
7404
9902
9351
3798
11615
3178
8659
7635
15700
17150
5756
12129
14119
14894
6899
18087
16439
4676
13314
19336
6393
17270
8357
18819
2642
16580
3241
9839
16659
13170
8756
6416
6247
6933
17948
10679
3621
10196
15560
16668
10969
10762
15625
4587
8272
13973
16671
7670
15427
10630
13048
19247
13751
12714
16759
13346
4746
15723
18175
5634
19355
15390
18895
5036
13690
7591
6362
14916
18871
3763
17468
2321
18559
13363
9990
5504
3171
12732
5362
10716
15654
8077
17843
17385
11690
8533
13711
10510
4702
17142
9167
10399
15108
4857
3615
7347
10702
7526
13557
15359
18336
6604
19519
16541
5544
18814
12160
7261
16416
3337
18208
17440
10383
17819
16719
16821
16678
17682
16556
2919
4677
7424
16150
13685
2908
5157
9802
4475
18344
6394
8170
10056
3473
12333
3926
17575
5035
9133
8148
9870
17474
13272
4352
13731
4698
14437
11556
19839
13037
9262
7973
2638
5941
17110
13655
18654
10587
2461
11166
11099
18028
12980
5177
18423
18905
7527
17084
10741
7288
6831
13605
6729
11511
12346
13836
16689
9883
3261
6796
4812
14802
18316
2709
9807
14670
16682
10252
5545
12132
6435
3274
13867
6613
7689
10102
11488
11283
8884
14058
11042
11953
14995
3589
9948
17832
10873
5310
3326
12364
5984
4171
13297
7896
10870
18715
3859
11944
3260
18354
11200
13171
5344
8384
18836
12975
16089
9314
7545
14401
7357
19043
19227
16772
11772
16834
16865
4876
10214
9270
9375
3387
8380
3410
12458
8350
10049
3428
13954
15191
18842
4717
8862
12315
5277
9583
17953
10581
14940
4385
17875
16223
11371
3777
8242
15115
17561
14363
13822
17349
14032
16413
12073
13989
17551
5627
14945
10308
16475
16450
8783
4103
11333
19880
7961
4605
4126
7798
18839
3549
6960
6327
7614
5203
15664
9691
13635
6519
2902
7738
18246
12938
10174
5514
3625
3096
8342
2657
5771
2624
17980
11181
5755
12457
6346
11173
8344
4739
4622
11872
5416
10521
12399
16311
4010
11004
16028
18379
13536
7824
8839
12879
13230
17076
17403
9848
6934
16043
6854
8688
17459
2503
4796
3641
3828
16293
5806
7697
12404
5616
12624
9626
8864
10619
7764
9649
3242
19265
15312
14778
4179
19326
13184
10993
6135
4248
3356
3983
8963
5453
16696
10322
8671
13330
14762
10180
8390
18433
7546
18648
14750
3317
17178
9520
19354
2845
13063
3528
19235
15536
9089
16455
4349
4147
17719
14749
11226
7281
8765
7296
6344
19127
3891
15020
12896
14279
19219
14999
17767
15567
17057
19346
6940
19097
2464
7942
8280
11483
4444
14844
4301
3243
13471
3131
4938
11942
3943
14926
10576
8121
13603
3170
12937
16836
5041
11840
6269
19559
8168
3656
10710
18890
4087
16093
14759
11497
15029
10467
6517
17376
18845
5392
10843
16898
8340
19492
8333
11415
6409
11957
17344
5671
16380
14901
18910
8763
16727
19206
7145
16243
8076
6085
12853
7393
18357
9194
18812
15212
3199
8819
18928
19195
13730
14448
4381
9699
3303
15256
16499
8776
4825
16318
4285
9854
7017
8159
5150
15770
17095
10151
10247
2360
8465
15678
2798
8789
15589
6602
17097
2952
3633
9933
18671
13140
6325
15278
15812
17556
16209
3011
4435
12379
18241
19851
14710
6048
10382
3177
8336
18642
8518
18560
16045
9397
15331
5248
17248
18048
5920
7086
16937
5963
6443
6948
4718
2976
13300
11736
7945
15672
18036
5730
13172
9972
4489
9787
5282
7195
14609
19746
6027
10097
13897
13785
17730
12768
11892
13007
5406
5682
11475
4703
17156
11498
10434
4205
18690
18081
4269
19579
17563
8145
6625
18777
10129
3672
7734
2437
14228
3391
14028
3963
12377
16338
12884
15398
10468
14240
17280
12747
8524
19478
13892
19681
8891
12795
10365
5532
4358
2743
16026
12178
18298
19352
10851
12577
2793
9355
13728
17316
14115
17086
14381
14452
13784
7989
8825
11952
4837
17862
11095
2340
3705
16605
18666
19063
12491
17106
10711
6665
7177
8693
11552
5120
3047
15593
17550
4481
10269
14721
11354
13875
7408
2797
6996
18996
19471
14998
19784
10265
3890
7794
12270
6690
13097
6320
10185
9735
8494
5186
14637
10753
2788
9825
5132
4668
13356
5906
18045
9001
3394
14091
8698
4979
10298
18724
13986
2480
9283
2985
6887
14673
18120
3638
13448
2918
12664
3654
11524
10834
8472
5618
18925
2411
7323
14671
5003
9980
15890
13360
12416
5276
13201
13802
6740
11559
3078
7493
7239
17352
18866
6232
17254
10782
9117
15009
18380
4603
13966
10037
10584
17692
15178
11413
12471
4105
10827
6130
9111
16648
18413
6610
12010
11476
13436
8455
17018
3538
9248
3392
2337
17854
4353
15607
9587
12044
7004
16918
15541
5050
5752
15961
14192
17844
5577
6629
13260
8166
9815
9884
6221
9503
7553
17287
11240
7271
18643
7769
17091
9501
9281
10923
4411
17375
4183
3708
12850
11059
4679
13718
3945
11040
15839
17725
14208
16392
7885
12576
11714
2536
8406
9844
6220
6030
10860
2615
16966
19973
5242
4520
7888
15515
15586
13015
3412
8395
2323
7278
19448
8856
6953
17552
3862
8860
8612
5057
10279
8909
14533
19893
3630
9676
5853
11317
19363
14485
12848
11521
15196
12621
17122
4572
7231
12164
12946
3691
5513
8412
14605
7286
17469
19754
9923
5213
9368
15042
13112
6131
15369
16579
17646
6763
6389
5079
9103
16259
2702
10871
17955
3591
9586
14790
8616
5348
13086
12121
7225
5159
6158
14727
8766
4309
18076
14159
15339
8898
19727
12468
18242
13421
18536
8847
15703
6718
10689
17732
10419
14257
11203
9994
16027
9858
17595
11414
4827
19768
5997
14700
14305
9048
17185
11372
14707
16319
7897
14685
2721
7243
16307
3398
3405
13367
18067
7234
5679
4701
14086
7487
18151
3163
12070
5472
17616
10329
12307
4258
17737
7079
7279
16018
8007
2365
19196
6187
5141
5191
16582
6810
2466
6653
19711
19602
7994
2881
12991
14165
2958
10638
12494
19073
17038
15995
11620
2598
19175
6698
17130
11427
7314
2377
6677
13383
14736
2563
13828
18732
8724
10320
12536
16695
12920
19139
17255
3350
18123
11436
15827
2847
16257
10878
2364
6179
19743
14262
6708
12260
4058
13698
3368
2759
4124
14199
19384
8349
14284
7237
8084
17543
17365
16591
5065
16674
7855
17840
11898
17399
9591
2635
14797
8158
8218
16247
18904
3381
3886
3663
12900
18041
12756
8178
7188
5330
16734
15197
5221
12977
14886
9740
4361
8424
17697
4436
17640
2668
6870
3801
16903
10804
17590
19334
8135
8744
15905
7405
14646
11528
12556
19284
6000
4069
17999
4569
7291
8894
7814
13489
17138
13797
4924
13567
11654
16244
5060
19783
15920
9603
12987
4758
8743
11293
8521
8975
19629
10170
12304
6464
18279
15668
12207
12656
2541
19280
4631
6767
10822
4596
9669
3605
16121
12683
3814
13623
10659
13774
6844
19325
2894
18805
8471
19780
17591
7986
6352
17402
17997
10201
19138
2799
5185
10818
7735
14530
19428
16306
8405
12859
15021
13477
4083
7052
3671
15988
9697
18946
15485
15397
3162
18327
11581
6951
3312
8988
9477
13006
5357
8514
12405
18971
9852
4292
17923
6749
9554
14597
3514
14743
6867
9577
15708
2948
13424
4493
5418
15253
5973
17898
12294
18318
17196
6954
3823
2949
10294
13100
9333
10542
17605
13240
11529
13216
15932
3433
16685
11360
7979
9192
3696
14104
19488
17312
10118
3401
11394
19258
8100
3057
7414
14462
11706
4204
7887
4804
16789
9399
6480
6171
16273
4072
9191
17633
3291
14645
15477
6162
15544
2590
8087
6769
12775
13480
13955
17694
10997
5947
13193
3445
12537
18615
4405
15246
12171
3237
15549
16770
6704
14299
13681
17768
8520
10119
18487
4006
9175
14495
6400
18063
7630
15941
19364
19764
7189
13405
12623
17600
14431
7293
6017
6385
18174
14652
17863
10620
15786
10733
17527
8557
10277
12716
6862
18999
18940
14306
4139
7093
11164
12540
11211
18962
6442
18621
13376
13932
12461
4212
19910
10731
2625
15532
6568
17043
12447
3729
18623
8279
17202
14845
10412
8538
13005
9453
2649
17053
15596
8655
13701
11933
12697
15052
11236
18266
12140
13671
12943
8489
14896
11672
11508
18370
4993
8968
5886
11119
18255
5371
16358
17197
14732
13556
7748
11267
10890
12736
3489
6482
6791
11609
4944
9052
2473
7228
9790
7208
15213
12542
2586
7207
17478
17218
15914
7818
6897
2523
2869
9470
13263
14237
11087
8363
15526
7780
19252
6102
7602
11909
4192
3518
7959
13572
12217
12769
8511
10986
19037
5899
5347
18768
16453
3118
17903
11217
15658
7638
11740
5661
15038
15062
13837
16933
12142
6974
18376
10342
18729
5779
10840
10720
17205
18739
15866
9227
10351
5080
2284
6164
15513
16883
2399
10398
4008
3680
2941
6275
19645
12155
3422
19075
13104
7802
15809
17614
5174
10134
15709
5792
12979
16803
7326
18937
8703
3941
15431
15766
10781
14261
14471
19916
6156
3999
11032
7031
6564
6894
12867
8289
6987
16640
6571
12905
9713
19147
9859
17972
12476
15061
12856
12634
15940
12523
8062
5632
15949
11879
15082
19108
13948
18004
12932
2407
11825
11465
4818
18803
11441
2929
12406
2574
17722
9673
14728
11665
16649
9799
11303
16463
16986
19348
6841
19129
4443
11458
7651
3065
17496
18319
6025
14850
3186
5676
12995
6324
12021
5199
11279
4738
4841
19855
12651
9390
14470
18134
10009
9749
7590
8564
14684
12935
16085
16158
6678
3843
5653
3520
11707
7540
9624
10883
7817
16614
8462
9614
12738
5464
3427
4556
11812
2315
7977
2393
3379
19166
6242
10974
19444
6594
5156
15280
15442
7686
6634
10717
13119
8832
13409
19476
9127
12448
17265
4770
12885
13315
13154
14039
15057
14003
10867
18178
16425
14557
15355
15421
5376
11850
4889
5630
16143
13952
3769
18888
8788
17874
16575
7123
16353
13744
13560
3944
17578
7552
3658
16103
14659
11129
4064
14242
3755
15376
18788
19179
10463
2287
5349
19405
9056
5831
2974
13998
10336
8735
4476
7971
15862
5900
19643
13121
11731
16471
8599
4504
9741
16062
4094
14421
12760
6551
15669
14536
12483
11946
3330
9768
6144
12422
19707
14072
2299
15022
12194
14900
6509
10246
17724
15739
17324
12978
14979
2371
4208
15358
15637
5594
15134
10657
8208
17853
14157
3770
7969
6853
11750
13019
10755
8906
5894
18780
6719
19604
16352
6534
18503
5261
6174
9597
5712
4275
13199
8589
8658
18586
15027
17081
10945
3789
6252
8561
19824
19422
15188
8566
3868
10629
9634
3465
3169
12474
17638
7827
18945
18350
12709
11085
6556
14678
7983
4656
8834
4930
3313
2745
4095
16782
18707
10020
7711
5718
18099
13180
13809
8252
13461
4032
19508
19817
11021
9705
7704
11765
12594
18873
13127
11438
10533
2920
12967
13759
18173
7886
12089
18811
4932
4536
13317
11807
12898
18903
16639
6559
9508
16996
7103
15661
15046
14909
10326
8673
6663
17816
17176
16688
19076
4615
11235
17258
9362
15506
13443
10846
17212
13629
6064
13965
12590
11540
19162
15435
2738
13578
10579
11231
19823
8213
19283
11146
6073
2280
5750
16507
11988
11193
19383
8828
18311
4562
9334
8438
4559
11829
10937
14863
16017
16926
16704
17678
11295
18510
17625
14041
13022
11792
15531
16118
12156
4086
11653
4575
18611
3523
12241
8036
11975
13643
16725
9136
13801
14128
6114
6707
12663
3297
18941
4191
8747
2594
15374
18016
10480
19804
4234
7018
9810
10780
18044
8836
10888
17611
2402
7268
14951
19288
6446
18515
7875
14308
5688
2520
5049
13110
9541
6281
5805
7846
7236
7444
5238
11611
15882
8244
10892
19936
7804
2283
16207
6060
9394
13114
16774
11069
15904
11743
3232
8436
4501
13676
11603
19926
12080
5152
10882
11126
18771
9430
18993
2915
12306
8129
14022
9336
7494
18908
15558
13220
5136
7153
9440
3087
7005
18146
10227
9313
19869
2601
19140
16326
11357
15289
18884
17447
19956
12658
15162
17354
12335
13805
13925
12192
12783
17806
15906
4390
11545
10990
12370
19323
9776
7673
11050
10713
9402
3858
5696
16662
17962
9523
2818
12600
13924
15909
16636
14164
4729
14428
10946
14893
15170
11668
4465
9413
4145
15344
19971
2379
8995
16081
3093
7411
11959
18015
18057
17796
6134
6521
2324
9372
18478
8054
7592
14300
15773
3226
7349
16984
14231
12854
14950
8284
2873
12262
11602
10541
12414
3236
15434
6720
13353
10663
3420
19891
6879
13961
14616
7336
12210
3221
5194
16295
9908
13061
19632
3730
15895
6590
5212
8922
12912
8628
15210
5706
12485
11089
10092
3366
7567
5652
17472
5058
3208
2559
5427
17735
17650
7287
17035
3266
7796
15510
8802
10800
7672
11903
12611
6193
9099
17240
8063
6078
5169
10687
11790
3525
8889
13416
3238
14327
8496
4293
13094
9388
6150
7760
19578
17976
16914
12258
10305
16342
9479
19005
19560
3201
11205
13614
12347
16368
5533
6267
18688
16437
12397
15292
4360
10590
17154
13905
9222
8206
2273
9607
15352
17912
4816
13325
17622
8842
9082
19056
2640
5970
17437
16367
4861
10280
6151
2553
19637
14095
19525
6995
12694
6819
16065
8808
17647
18378
9197
6689
6958
4038
4265
11588
18195
2912
19399
4354
17851
8181
12583
10146
2901
3668
9904
9985
4243
16567
14274
13206
3432
4761
3280
15969
16023
13349
6109
6002
17175
11041
4172
18960
7361
5082
19017
19988
6361
18135
4136
5234
9357
12816
19343
3485
7241
7923
13410
12829
17041
8085
5210
12127
15269
15835
7550
2612
5808
4449
15644
4096
5646
4595
2588
11646
8716
19583
17221
9285
18153
7074
15488
13768
12480
17480
3584
19541
13880
4606
15487
11885
11728
2543
5465
7371
17308
18126
3347
2942
7816
10500
9962
18143
12677
18588
10537
6418
19124
4026
18519
15666
10540
17112
6317
17584
9662
8681
6481
12942
5976
14339
18133
19337
15496
18553
2701
11421
11399
15391
19128
3323
14725
18415
18991
6868
2362
14289
18673
7636
14222
11046
10120
11459
19904
3052
8173
11541
7193
15605
19636
7601
17353
12166
12007
14004
4113
15063
19414
17649
6214
6748
19122
17589
8123
13290
7821
9369
12875
16153
14508
7474
3665
5694
6163
6626
5327
17524
12144
9970
2776
7311
19305
10456
10681
17525
5741
2455
11110
15880
4305
5521
14432
8083
10313
10012
8466
11862
16742
19182
4760
10041
14627
7937
6173
19460
11512
9733
16066
9540
11674
18987
6177
6575
4652
15156
11692
6068
14708
12410
19610
12974
9650
19395
11014
3939
10482
13615
17292
13008
10258
7622
11218
7820
16735
9087
3388
5037
2375
5904
14512
3165
16301
18556
12118
15165
14441
16149
12958
9709
9758
14782
14410
17217
7459
2494
14848
18989
13976
17505
12547
9071
17222
9202
11970
8702
9637
19809
2859
4988
10106
19181
9028
16490
3756
11554
15083
15604
12915
13584
19255
4659
12006
9300
9042
15889
14149
16300
7863
4868
7412
5444
16246
17072
11057
7631
7186
16283
4050
4754
7483
16777
12650
2636
16058
13113
4844
5395
9464
14419
16396
17766
13879
10591
5647
17151
15414
17032
11455
11784
16517
17174
6912
13870
8091
18294
19062
7831
14046
10023
15950
11537
17234
12400
15090
6356
2515
12545
19452
5069
15583
6706
14598
12392
5889
18355
3572
7413
10941
15569
11141
4965
17307
12524
3686
2935
10926
6013
5698
17015
6038
11994
12487
4327
15153
4934
12426
19249
6298
18228
9987
4522
3482
4239
14127
4957
10952
3741
6949
3846
16505
9305
19486
17128
13656
6429
4749
15226
13891
11292
7274
11402
9965
4034
11756
8503
9365
6406
9164
3209
4826
6780
14273
8115
19867
14540
2854
5869
9489
4851
3856
18918
17924
9818
7250
10573
4949
8443
8950
6087
13253
10375
13257
19313
6809
19825
8414
14960
2330
9547
8974
2787
4590
17430
3577
9370
17405
11564
10932
14544
19831
6779
6962
7067
14716
16350
9969
8903
18994
3546
18651
7251
19021
7337
16056
4809
18320
5602
9565
17602
11738
10209
18477
7583
15332
6235
13245
14146
12966
9938
9257
8275
4053
6525
12161
2910
16292
4199
5782
14404
18582
8299
7263
6875
12752
19662
14739
14372
5932
18896
3578
9562
16333
11109
13412
12870
11309
19737
17290
14927
7034
17160
4639
19220
11549
8590
16963
7874
4154
6248
18125
7918
13488
10748
16110
6332
10561
13249
5769
10163
17906
9460
19098
6649
6015
9265
19963
7497
6816
3721
3817
15657
13561
10725
18186
8677
16827
14934
8175
6259
4755
4227
14793
7406
9786
15758
4129
17264
9243
19034
17227
10856
13792
17800
5546
15148
19245
13703
7873
17149
16867
17666
4092
19214
5645
10077
8782
12715
17329
6880
11921
19683
19702
18089
5419
11703
2595
8722
13592
2477
18861
10641
3804
8470
4929
11684
9092
13820
3158
2581
13622
18717
3137
2893
17070
15797
18934
16766
8172
18444
17774
8851
3389
14375
11482
19782
5856
17267
10685
14311
16780
19254
18990
6803
16740
17567
12687
9061
5304
17276
15233
16669
6289
7519
12519
9274
13535
3230
7582
9717
10556
11675
15123
14402
7919
10953
15647
13145
13551
10394
9658
4080
6447
13281
18356
15626
18773
11701
10642
19398
5096
11555
10917
4611
8627
12120
13352
7248
9636
14619
18407
18698
8064
8779
9798
6138
13848
13324
8378
11437
15646
12771
14176
2599
7808
16523
15556
18876
16315
3102
11539
9354
5614
8358
13322
16911
13491
19083
3168
9793
17878
16728
9485
10414
3927
14897
17024
12251
19025
17662
15254
7914
5814
6732
10529
14883
11147
10787
9346
19719
18526
6415
17798
10476
15520
10582
18893
14226
2991
10979
4420
19550
11645
4290
2626
4583
8408
11658
14738
7929
7020
18806
3542
6961
12533
10739
15500
17748
6554
8577
16658
5810
7984
10158
18226
8427
2484
19045
16231
4849
19112
10022
14352
3475
19172
7232
8276
9013
10494
16271
12934
5867
17023
16574
12614
14136
4503
17266
14522
6889
5975
19029
7077
19931
4174
13835
15811
12366
7557
6785
9983
17509
8190
17765
9269
2705
18097
15877
15750
2538
4221
17904
18885
6963
3270
17462
16741
10786
6546
6391
6937
8404
8341
17701
17828
10606
11251
9716
3728
3382
8985
10381
15617
2526
11319
10578
8529
17996
16086
7050
8040
4725
19185
17880
3908
4395
16099
3005
15576
11974
6983
10988
9026
10939
16544
14604
5043
12035
11655
10585
8642
14184
15977
13850
11049
9701
14466
8056
17171
19036
13118
15144
14349
4645
18550
4334
10646
15655
3447
8811
18103
5930
3551
2651
8033
2708
2669
7703
2401
11391
2811
15503
14129
9077
2431
12655
13985
14669
6939
14112
12264
9922
11704
17617
14925
14040
7204
16818
13613
15662
18060
4919
17968
17984
11268
11115
6743
8154
3802
9982
11951
7340
9448
14699
3697
3713
18467
10575
2408
13649
9491
9134
10978
15539
18774
18481
12443
16013
18766
17695
14581
12056
17418
2690
10683
17825
5002
4432
2470
3707
5078
17516
3762
19663
16168
11956
14961
15371
11890
12613
13133
8362
11196
8139
7722
16653
2882
13011
9406
17083
11269
4011
10895
17027
3603
14838
4860
5399
9727
3349
11832
19503
8954
9995
14042
9055
17835
15971
16667
10844
19731
15702
15533
17503
5565
6921
6380
19554
15098
18392
4284
18172
11392
7982
4085
10000
8004
5305
15919
9208
6758
9875
18314
18554
2903
16128
17588
13808
15939
7351
11177
16796
13161
15402
17685
10054
6148
17252
11709
10495
4814
8254
4017
5734
16492
17467
18574
6866
4990
3407
10783
9301
16927
16204
7862
16269
10411
16203
15719
19898
6382
7771
16489
7634
18787
6321
15913
18835
13490
14334
7791
9488
4843
8237
2566
8799
3327
19474
19621
3104
13122
17905
15102
13871
7132
3276
4726
3775
6627
13452
13990
6621
16175
6066
3045
12739
7147
11409
19820
12451
15514
4928
6251
12079
11316
7745
19846
4132
3077
7233
14906
11688
12940
19999
8223
14253
4295
19691
18070
14214
5760
3345
6997
18299
15008
12336
9595
7972
19547
11632
8334
13456
6855
9759
6431
17211
11140
8516
10172
3229
15470
14393
13464
11865
10027
7685
3650
9096
11060
6869
17935
4445
9714
12263
4845
3954
13762
5766
13906
14811
17788
11652
5505
15936
19832
5732
13993
10674
9442
10984
5014
17582
16434
14740
11026
4312
7220
13506
14200
3971
9817
7691
17540
9656
19190
17517
5414
8039
19599
18417
13292
14730
15651
12864
2720
8581
15697
18749
10498
9495
7536
19299
15227
19800
11461
9374
2666
4519
5385
13380
12742
18720
3444
18857
9580
15483
18328
3056
10478
13779
7878
11561
4441
9203
16281
3736
11249
14216
17339
4224
18695
16265
11122
16504
19224
16616
5315
2506
6110
15404
18557
18751
16239
9409
17161
8300
4230
16196
5059
19215
16941
3425
13470
15106
12964
13953
16792
19879
12371
14695
18078
16270
10104
16274
9081
16547
3652
19019
13903
6834
10516
4846
7469
12452
3627
19115
6423
18534
12647
7990
6565
7210
13996
10005
8323
15735
2695
4471
7431
3058
10636
6478
19276
15461
9589
19293
10274
9712
11160
8277
11887
11143
13441
2809
7763
12320
16665
3282
10775
7157
11463
3493
15159
18844
6640
4708
4779
3453
4130
2300
16035
4765
3046
6766
19902
8660
3439
16795
2621
16156
14124
14556
5298
15041
15437
2879
2451
11860
17395
3148
14774
6223
13840
9876
14941
11960
14118
8364
14075
12403
6072
10671
4896
18233
10441
5729
19079
19665
3499
8381
9438
3865
19706
19866
9376
18601
14706
5928
15848
3352
4905
12882
9389
19728
13748
15005
2380
2530
6262
12093
19725
2732
13280
5054
7292
13733
12696
11826
16206
4756
12425
6497
14482
18258
7399
15266
15528
4035
13276
12049
14249
19000
15306
9947
4614
16738
12878
12708
8192
6282
8501
19692
4728
6788
18668
4970
13123
17450
13273
8464
14905
8583
5956
5230
10454
12316
14514
4625
3602
9694
3867
4901
9920
5329
16422
16853
19791
10430
2812
18525
17661
15036
3322
11935
19756
3990
7247
13898
11520
16054
7172
11822
7569
14585
4795
15107
3969
8886
16801
14194
12168
11712
18180
5491
3095
2524
3003
13016
2876
15807
15768
18728
14025
5239
18075
9217
9246
17177
12213
12785
6651
16469
13211
7122
7298
13497
10985
2605
10973
11530
6047
19885
8959
13327
9979
7419
18000
9063
18088
8793
13087
15824
14821
14294
14680
4552
12833
4304
12298
9898
13115
7867
15044
18581
2493
2933
13706
8180
4815
18352
2761
8426
4651
7400
9919
18317
12449
10991
18870
14140
16152
19427
9511
19895
10223
9682
9706
12550
5219
6226
11496
12793
17310
7555
9822
10699
10034
10635
6506
3124
17536
4808
7125
18457
13736
12328
4330
9291
18530
8325
6642
2487
11007
14531
15860
7975
9711
16393
12147
4320
4426
5701
7297
5316
9788
14205
8467
17795
4554
5398
12045
15304
11744
5448
9899
3852
9147
16364
15048
7795
7823
8264
14826
6695
15119
8304
19349
12002
17003
14380
19587
11857
3354
13222
16923
16947
15946
14056
6672
15984
5435
6308
12179
10155
6466
6856
10595
18223
5674
10767
7829
17981
4681
10231
18043
13194
16211
10506
3879
12454
16912
16637
17140
6234
18365
18589
3702
13000
14382
17065
3325
16500
5535
14677
13683
3838
5937
8118
14991
10732
15692
8772
4162
12354
4969
7113
11359
3247
10462
15130
7957
13438
13073
6526
3358
10696
4801
8570
14288
5658
6992
7700
17920
19995
8433
12391
14439
7367
3543
16573
10435
6538
4181
5045
13545
18779
15237
3483
10503
6243
14987
3806
8119
6643
18464
10593
10798
7578
14248
13673
8417
8791
13254
15534
15871
7215
12834
9275
15724
14625
10254
16059
14320
5217
15870
7192
17048
8225
12420
5835
15366
3511
7370
5454
16461
4209
19268
11074
9216
9003
18638
18590
10194
8011
9347
14795
19484
5022
17753
4909
18726
10910
14204
15674
16007
6145
10649
13109
18257
19511
19232
16041
3748
19218
14186
15326
12605
7285
9330
10193
8939
3144
15174
15747
19419
13665
11028
11522
7136
16215
18283
16076
7772
3504
2932
2853
8131
13868
19556
15025
18479
14529
10021
11670
10409
14488
10268
13962
6524
12187
16805
12680
8876
5933
7467
6246
11480
19682
18290
14812
11443
16029
5101
3679
15760
18681
19853
8028
5692
9156
7521
12432
18506
7701
13795
5595
17323
5012
5034
19890
7127
9106
17827
9005
17256
12994
14102
18121
9579
18199
15552
12358
14333
18384
11448
17458
4864
15951
12198
16989
15388
11202
6452
16225
13641
9173
10645
16841
7343
10272
13606
16078
11273
2532
3895
19689
16325
9763
8840
10142
16845
13074
4273
9609
13559
9888
10473
19390
14712
15829
12925
13299
18326
8915
2834
7482
8409
16679
13608
3367
8473
15078
16586
7912
8171
7906
6584
11926
14376
6618
16561
13385
7082
15381
11842
15255
19450
4617
3454
2462
13142
6811
16200
12228
6544
9571
18029
5367
12636
9857
16403
7563
6314
5781
19092
6379
10697
14059
6342
2478
8200
9429
16835
13239
8833
12631
5798
7019
16049
12567
6828
4338
8191
14713
12466
13534
11787
13815
17420
3880
13009
5711
2712
12807
9657
14144
12941
18711
14967
5578
13719
9328
9332
16111
12445
5713
18200
2995
18065
5868
12729
17330
15201
18652
9073
14691
18024
3592
15070
19271
3898
2714
9433
8001
6514
2748
7909
16921
16124
17225
7360
18033
2917
14353
12032
5031
11454
11789
4578
14325
7087
12711
7463
6537
19828
11873
9224
8230
9189
19520
13414
8866
3561
10735
13547
3912
12408
11845
16316
10539
16391
11106
5993
10718
17087
17438
17937
15688
9168
8804
8487
2717
19262
12851
14332
18491
17483
14012
17096
17609
7604
6186
3461
3750
4821
6930
4763
9032
11345
9643
11270
3372
15045
12861
4365
10727
19939
10824
14573
7713
6106
5717
11385
8013
2529
17271
5020
17607
10447
8104
5254
15665
2694
16970
16388
18056
13227
12645
6390
19407
12846
5773
2796
12137
4388
15168
5179
16703
18797
3970
18281
18950
17889
5673
14197
14933
11619
10499
6330
9988
16275
19946
2441
16329
16881
14385
4688
6830
14368
12895
11298
18595
14459
16946
10805
9245
5519
12389
16154
13912
3978
8060
10761
13933
13742
8900
8228
13342
2724
10292
2351
18338
5070
16767
18128
13079
7346
2973
18039
7102
4322
13242
4710
7939
8209
10128
10889
19096
7537
4376
19955
15649
9459
3537
3370
8232
6388
17830
16726
5874
18549
16451
4985
17078
3629
5789
19790
16493
12535
8515
15445
6358
13631
12704
14049
5516
10321
7290
9929
13478
6772
7071
7089
6176
4512
3437
3723
18201
15881
4871
8431
18713
10603
3130
8321
5268
16799
16339
12564
10264
19852
18372
13394
19211
15418
18802
13339
2481
12311
10208
12744
15092
19915
14545
12441
17327
13337
8770
14601
15973
18232
10423
3778
9098
18608
2766
19155
13024
18140
10830
6032
8966
12051
12733
3497
13543
2561
19770
14342
19253
8999
11358
5303
11274
10293
2296
6180
9266
5560
10779
11811
8132
11012
19032
16609
9893
18634
18858
17223
8108
3552
3977
14983
19901
5609
13939
8835
2603
13188
3811
8901
6888
2684
8899
5112
4563
6722
12456
19504
5669
6128
14193
16324
17791
7436
4153
8513
9482
13335
11775
11666
3772
3494
6042
5643
13542
11557
17657
11417
13408
11902
17301
2794
9124
13580
7743
10897
16516
3910
4620
4110
2679
17145
7094
14450
3234
8550
2368
15776
19244
4222
17985
8611
18956
5829
8692
7881
18260
5451
8260
9480
12486
19376
11230
19317
3822
16862
11065
17108
12566
8852
3947
8461
10667
19301
13503
19528
6295
19446
16176
17570
5247
7980
13422
5978
15764
4387
13555
19134
8020
18670
14106
9611
13021
18626
9901
13431
5813
2558
6513
11527
19574
16312
15135
18967
3657
9530
9550
11118
4997
8683
8353
13027
3025
3933
18424
12543
14586
7451
17477
11290
4781
9687
19751
2573
10922
4415
5493
17708
7342
16508
6392
8812
18249
13359
13004
8572
14853
2689
19439
10154
15730
16321
13341
15207
9070
2387
9469
14709
4560
17485
2754
3727
18262
11282
14731
6111
14689
8578
12826
8233
10148
12261
7158
7510
15789
4967
18919
4339
4439
15517
11343
19040
5719
18719
13975
10502
18042
5830
15627
18362
7756
12444
19989
8700
12087
6410
17456
3132
4111
6490
3452
12724
2278
11246
19180
16444
5097
12314
15337
19013
15338
11940
15901
8721
4820
11182
2344
9956
15384
18672
12383
10001
6035
19338
3568
7199
11323
9486
11056
6351
17404
6477
14614
9161
17390
13266
10427
4995
19094
9492
4891
7633
9396
3839
8146
9377
7392
12268
6302
6403
19004
19089
11629
5776
12933
14255
9615
5715
17195
16134
19696
12822
7928
3495
3333
8183
11179
9110
19875
12764
7266
4281
6377
8541
6313
13195
15836
12131
5667
14000
6711
18587
3103
10386
9736
19296
14076
19543
15741
17034
4954
4000
16945
14879
13766
17784
6635
7648
8031
10161
4262
17965
8410
4066
19871
18847
18953
13598
11616
6504
7499
13625
8610
6292
7491
5768
9381
9737
18735
7996
7495
18019
4077
8525
11514
11538
17383
15416
19234
7950
4946
15157
6906
5201
12587
6773
12411
18669
3240
3507
5042
7011
2655
17603
10248
10523
11330
5343
12177
6161
13326
19143
19366
10295
9742
17615
4968
16973
11531
11403
3192
3446
8423
16019
15926
18823
11693
14356
13849
5969
9734
18833
11434
12784
16797
3318
5188
17124
19003
6197
8211
12503
3284
17268
6413
13597
19639
12901
19870
13168
6207
4638
11294
4987
9698
6886
14911
6003
8753
19698
8155
18402
11396
6288
2435
7294
17031
13164
13596
7568
10512
14861
11338
4188
19200
15845
17668
5486
9294
5382
11614
15820
8981
6444
19269
10749
12728
11215
7723
18302
18639
6297
9450
17667
15642
11071
14788
2544
9555
10773
10407
9166
4044
9519
19081
16694
11567
3302
12100
16051
8750
12522
18343
5109
7900
19022
11948
10096
9371
16510
15712
17364
18649
14622
4589
6196
9680
15588
3258
10203
8853
6084
18092
17377
7432
9014
10344
12321
3083
12459
14737
3395
12823
14938
9176
11794
6596
11346
7441
7513
4777
11761
19952
19753
11590
16447
4307
19011
10167
8810
19475
13956
15784
13970
19472
17789
5102
13231
18767
13743
12482
18106
17449
7139
5409
10062
16699
11612
17299
3776
16285
10068
5269
13537
7966
8857
16998
7426
13999
5195
7783
7061
8295
19495
11425
16248
9816
11649
9910
8510
8125
5955
7196
18736
7931
15218
15095
15484
11342
13778
16673
7492
9404
12327
12253
6350
19274
13920
8771
7383
18907
6724
8499
12199
13745
4584
13428
16919
16410
18508
18830
15247
2400
9863
3089
13137
11605
11289
6964
12832
18685
12338
5885
19468
11481
10044
11055
18132
10111
15010
9895
19391
19933
17322
12843
4697
8482
12084
13274
12083
15574
15200
11139
7809
14018
11255
16104
3074
13789
19635
18181
13758
11716
7454
16335
13664
9683
16548
13312
18031
12094
9566
7056
3845
15775
19425
3993
16241
7045
9289
6157
11583
15943
15691
17170
6019
16552
6432
2646
6489
16258
3406
15603
10055
9630
13102
9830
10327
19959
10047
2619
4810
7839
15221
11052
9234
13697
2895
11710
17199
17080
16857
7958
10310
12339
4177
12412
12227
13046
8666
5537
17655
15492
16494
9952
16588
7051
5081
5770
9841
4671
13444
16431
13901
18191
6812
12786
19300
9331
6031
17422
9425
11617
16899
5557
6397
17734
3310
6256
8986
9752
15509
7476
8324
13726
17054
11075
14185
19294
12710
2833
17021
9832
15935
14799
9126
8552
3334
16690
3061
9819
10707
8240
10515
19316
12890
14856
7265
2760
8787
9268
3541
4165
6774
15614
2970
18161
6700
19464
12211
9685
4163
5968
4074
11161
12673
2501
18449
8588
16052
4060
10366
18683
9188
6863
18591
8970
6421
13059
9237
12962
12754
18212
14718
16240
5200
19416
2528
12591
14761
3004
9076
4236
6843
7024
18139
3996
10836
6982
9633
14369
10758
13041
19826
10439
18922
12163
8930
7026
7992
4398
17687
9708
2981
9719
3109
10792
16242
12712
16287
18734
19927
6307
18691
14069
7144
9594
18548
16888
7338
8016
12365
8142
8674
10290
9690
10652
13420
5833
11757
15707
10448
11171
15918
10251
11153
15407
14784
11022
18469
2376
7490
7663
11855
18883
19199
5541
16631
18009
10675
9572
15902
5660
17507
19406
14565
2304
10061
11426
6499
12505
18746
15522
11509
6815
6152
2650
18563
5846
13237
9512
17219
13642
12531
10086
15504
12922
3653
3136
17742
9553
2927
4384
5033
17082
15129
13729
2664
3896
9900
12544
7423
6847
16979
8951
19379
4144
3449
14163
8603
17432
11568
9139
7283
18678
18614
7967
5047
12052
12917
6170
13080
4524
12741
19099
4762
4214
5695
2928
16445
16268
19226
15216
4532
4101
4024
14013
13687
4169
5763
5724
15405
19091
9221
6623
6116
9865
18022
15087
14588
17778
11351
14555
9617
8843
5592
14986
16164
9481
15264
5417
2542
16106
19545
19069
6751
10907
7819
11871
18892
8544
9378
18473
4286
3825
12644
19024
7778
17499
7473
4662
2891
5302
3957
19848
5365
19202
18565
18322
17672
11097
10983
15508
7830
3254
6061
5084
11585
16811
8982
7726
7612
6175
4245
7133
7517
9012
8070
9226
18613
12751
3107
12721
17400
11867
19228
9644
4609
18939
2841
15879
12310
6622
8805
17929
4829
12931
3783
12036
6542
11681
2704
15419
10338
3342
13267
3295
17810
17895
15942
6909
16602
19856
4541
11247
8202
6994
11350
4817
16108
12667
13633
6522
17680
7320
5048
17429
19530
5566
6441
9977
7006
7155
11062
17754
3007
13177
19567
6291
12929
11547
7694
3555
2398
3655
16611
5812
2896
9915
18058
19862
8946
16581
3870
16470
13169
16282
9069
9526
14354
13156
13926
11124
16531
8912
5321
14803
11224
9304
3722
17111
3486
15738
13715
16095
8006
11929
12284
15023
7571
13309
18007
10664
3715
14542
13457
9178
12731
18869
17435
5051
8015
19558
11983
19821
17869
5232
4299
19018
14944
3200
7107
13695
11510
10255
15395
4694
5326
9474
18663
16010
7143
19619
4950
7325
18287
13138
11523
19570
8850
7075
19449
15937
14426
18799
2272
10942
7784
14693
5498
9665
12455
12359
9207
11906
11340
10859
15980
17606
13548
7500
15883
12175
13727
8534
7940
4553
10090
17665
4811
10083
16116
6462
9729
5965
19462
3346
16793
10715
8327
11966
16958
18881
15570
17386
14852
10951
17659
4176
8263
8562
8262
3813
5462
17890
19361
9015
11801
8619
5087
12349
14455
14023
7218
10183
6702
17060
17613
18253
8704
18516
10040
15177
11715
8003
2990
15743
8798
9801
16272
2644
8910
13417
12184
9109
8649
19744
13959
9642
17251
6757
7111
2994
13827
17727
15161
13644
4456
9668
12930
7303
4743
14138
13817
4363
19522
6615
12256
2687
18618
16900
6272
10501
9560
6266
19718
15287
9563
2416
16850
19690
18066
12727
19678
4914
3965
9785
15317
10417
3292
19266
10008
18017
9473
18288
11730
5240
3072
11930
10604
16562
14301
5397
19473
4287
18348
8500
10730
10011
3364
8217
6728
5907
14082
13648
7437
14188
9287
19192
14361
17635
17511
13899
9688
7501
14433
9455
15464
8047
3415
9144
10218
2819
4573
3393
4660
11213
16980
19067
17865
3909
13306
16693
17216
15996
9130
9745
4410
16284
6510
18026
19975
17883
11810
11447
9320
19660
11656
2851
19789
16873
17064
16457
17940
9432
15180
3530
4112
7042
10085
8553
18363
3951
17011
5613
4921
18027
9674
7770
7733
9942
8872
12899
9018
4534
15430
7746
6455
18002
11261
10962
9992
11256
18886
5361
10067
9778
12090
7180
7415
10207
13068
12949
11104
14591
17230
11061
19109
10370
3039
10847
5751
16743
6527
2904
14752
12387
3506
3937
7110
8255
15771
3041
15578
15190
7877
16310
15150
7001
17042
8316
9037
10065
9909
14687
19713
17579
17424
8221
13463
11928
18843
2923
12180
11172
10487
12188
7468
14939
11506
18807
13400
10914
11831
3812
8822
8718
8021
19171
15497
7954
19458
3855
7812
9337
2639
18460
4545
11419
14704
12301
14061
9927
18448
12122
14869
9324
9847
10490
4789
7453
10465
10244
12136
15968
9537
6913
4333
18716
19838
6661
6877
15819
6236
16701
18616
5158
2440
18483
9120
8865
19738
8106
3608
16415
12254
8302
3019
7869
12413
16710
10175
5916
2750
17967
19806
13105
2674
10404
5339
10461
11324
19701
11828
19223
11815
4166
16187
6705
6331
11468
11760
18944
11111
16617
9914
11044
15759
4975
19314
16452
16983
18445
7264
15598
19231
6666
14501
18073
17000
4151
13971
13907
12703
9150
5765
18168
10617
7815
3035
11699
5428
2789
15362
11943
6286
11989
15736
14429
13740
5332
5986
18310
5308
14395
9695
8026
19144
14583
15018
3711
11123
11027
3860
8517
2381
10168
2774
3737
2846
9484
3049
7272
9090
10157
2656
15288
6250
15721
17814
2527
16020
2703
18461
2467
4470
8429
8675
18785
11091
6793
4207
3015
11533
7035
19499
2517
11080
8105
10935
19173
2987
12734
6903
7647
6485
4647
5723
9105
13947
4580
9131
19735
2425
8664
13717
18573
9008
3934
10266
15158
13285
8030
9886
17260
11914
18037
14027
16354
13427
3101
15291
16744
18194
10826
19120
10934
11257
13732
3759
6799
15476
13157
6253
11733
6322
6140
19059
15199
13357
9326
14676
9218
8755
6562
11717
4047
3256
12345
16545
8286
8647
4648
13900
13978
7916
14834
10902
5207
7807
13026
5299
9593
13469
12434
2385
15017
12824
5148
3827
3097
8778
12796
6029
17044
15251
2471
6781
6465
2822
14178
16037
15341
12750
19374
12255
8971
13225
9783
5364
10961
4302
2673
9154
2706
19332
3734
2366
2963
15002
16131
6957
19055
11023
7447
18882
13304
16790
3550
17022
17460
2355
18395
5825
5871
10421
14600
14336
19392
16123
17571
15891
17512
4683
16891
5165
6851
8187
9663
11194
8476
5980
17927
6450
5815
9215
17224
10772
7608
5934
16334
3595
9762
13210
7618
15064
14189
2445
6620
18432
18431
16132
2592
9767
17415
2611
12689
9700
17244
4433
2453
2751
7235
10855
2496
7211
7309
9308
13634
4852
16064
5507
18489
2548
15761
9247
13916
19418
6985
7528
10373
19876
17337
18109
15475
17879
13531
10492
15841
13846
9664
10825
6860
5744
19923
8587
13611
9416
16761
11019
3709
10992
11038
16875
3720
9584
15825
5596
15187
17758
17852
12394
14409
4186
8749
2675
9340
4767
19555
7416
19625
2780
5063
18331
12103
17738
7890
14406
3117
13077
17574
7577
13562
6762
2939
19758
4215
4720
3797
15012
5291
2884
3166
18631
17020
14964
19044
9921
11779
6349
19442
13366
10192
15220
18389
14465
12762
19518
13554
16290
15753
14064
6129
13612
10875
7985
14417
3033
3360
4346
18091
13714
8102
16075
14443
12112
10708
13476
2613
6675
5861
19813
9781
5095
12047
13627
14729
15069
17841
12561
10509
16528
11864
13593
3509
6453
4986
15016
19937
15805
7541
7321
18080
7146
18010
16910
11304
17593
5243
11648
18564
3938
14394
7580
5335
5501
7641
16323
9601
5176
12984
19657
7409
18157
2726
10728
7619
19113
14648
14026
14686
15754
12415
12393
7998
8050
16373
9107
13769
10081
3464
8197
2460
7438
11734
9934
7574
19362
11379
5931
8502
10891
8706
8205
8933
10918
14379
11136
14842
3915
5204
6802
15931
12691
19992
11566
8701
4020
14892
11982
5004
11625
18982
15615
8251
18868
19141
7854
7705
9165
15399
4947
16895
4744
12467
8952
11018
3643
3597
8956
7845
14930
14582
16130
19572
5648
13271
10169
5774
11486
5918
7129
3669
3956
13541
7908
8760
12959
13052
17487
6814
2757
16072
17654
7044
4331
11708
3157
11192
12983
18163
13734
11252
8797
6132
17641
8645
10234
12063
16097
16529
4003
10455
5691
19344
18020
11578
5116
8114
6491
2449
13888
4893
18129
8440
14370
6083
5575
19320
13090
6200
12182
2589
14019
6139
3922
12630
18371
5457
14158
7016
17944
13039
5449
16959
15193
7460
4684
12508
8041
7838
16763
4918
18450
14672
3414
17355
4458
14461
15154
12186
16193
5297
3701
4048
15745
9318
3341
15685
7811
15411
8758
9472
5909
2457
14603
13095
7744
9421
15298
2317
5345
14914
4328
18278
2597
7532
5881
12061
19012
9327
16139
2874
7643
14206
16606
19298
16593
10150
15313
14098
14997
11335
4974
6669
10831
7100
9490
14062
11747
9551
8689
16483
14472
9299
8987
19152
3374
4161
11100
19466
19365
3526
13653
2578
4766
6685
4316
16485
12313
11190
14910
5108
16519
3567
8662
6547
8457
9094
3746
8731
17226
7022
3874
8841
14416
18137
4680
8844
6090
16731
18592
13747
11369
12360
2977
14548
2892
9960
15898
16100
11958
10253
15394
13355
14754
19914
12782
9764
5224
13289
16909
7057
18725
17369
7167
9241
18635
2336
10076
4090
2535
12272
10017
16884
15011
15424
9826
16698
12612
12779
19386
5554
9410
11525
18985
4463
18708
11297
13401
18051
12810
8282
13946
4561
16633
13185
10793
12462
9522
13525
14096
2343
9322
6518
8389
9213
17454
9072
2450
19477
17198
5391
3516
19581
6166
14057
15907
15031
5197
8227
12493
15838
12525
12526
14971
18722
19421
10079
17911
11979
9596
17711
18214
4663
7731
18665
14209
6215
5704
11362
10091
17439
4313
19836
5684
9880
18927
3787
3596
2947
15329
16454
14912
12072
9104
14836
13499
6624
11955
17183
4373
5164
12453
10666
4962
4635
12657
18221
13688
9239
17658
12877
14572
6399
11711
11718
6578
8032
8817
16824
2369
16264
7324
14918
6454
14060
15706
15609
18292
3053
19878
17215
19035
2835
7542
5402
19133
13780
6926
11534
5994
10759
19964
2322
5761
19409
15981
5408
2420
10848
12267
4315
12242
14965
17535
4753
6178
14823
8160
2618
13223
7064
18998
19575
11587
8775
13034
12836
19264
9145
18745
14661
4525
18396
7121
5313
9675
15527
3973
6952
9418
14830
14692
17104
14615
9174
19515
9598
2485
9353
18138
6683
18531
16713
14009
15364
19431
3228
17333
16404
8944
18700
15089
3590
3510
4619
18145
11558
7095
12125
18505
12277
3299
14635
12539
9770
9504
6742
11869
10491
3293
6823
8708
11169
19085
17956
2741
7160
15438
11159
13738
19333
19845
9121
2682
16509
18280
17523
2370
3308
3023
4976
16474
7333
17698
18102
8483
11995
8453
2943
18603
18758
18071
12954
9879
16266
16443
7033
10200
14100
10263
18748
13707
18439
2825
12108
19106
13361
2518
18014
11259
4564
13581
6609
5233
18692
17371
8548
11016
13066
19984
2730
3416
14271
19872
15297
14649
14928
8301
10276
7277
4122
9659
14221
5988
5293
4370
5341
11081
7213
15952
9935
10045
10100
14073
3570
16887
11895
9600
18813
10684
16700
15056
12424
17235
19461
16787
11797
6237
4457
17849
3901
11009
11412
17346
9569
3044
3207
17740
6103
5386
14315
16309
12787
10807
4350
15763
19463
8596
17683
11969
14919
12419
12369
18399
14868
17497
17872
17200
14796
4714
14858
7464
14864
10353
13782
9264
19208
14755
5945
11806
17811
3048
11400
7853
13269
15693
4321
17946
16647
9646
13982
9024
9363
16038
13371
12057
2658
18578
2978
4366
5538
8490
15955
12586
19065
12511
17098
19046
15815
17772
3532
6238
5512
9036
8935
12514
14899
10114
2584
14953
16249
7782
2647
11502
17632
3535
11827
5509
18086
3928
18271
14210
5144
10149
5400
9478
12167
3075
5817
11225
4577
7849
4057
11922
2641
9317
15756
5000
16828
7115
5530
10799
3197
8878
10464
4788
15499
15972
17194
5563
3164
16308
7825
16666
14233
3150
9885
7428
8621
19586
18632
12814
8546
5524
13931
9321
19048
16948
4075
12952
13125
6917
6512
15479
19246
11188
8631
14855
8604
17504
7652
8617
11621
19204
15502
19303
14878
17133
6155
9307
13981
10210
14846
17652
2572
14066
9364
7191
5823
10916
6849
19318
4666
5333
13348
7895
17526
14497
8332
17291
6616
15545
7752
16375
18435
7737
9707
13564
7120
17309
14947
12923
2680
18197
14387
12225
4076
3559
4421
14888
10286
3562
17387
4276
12569
17388
4255
4131
7657
6614
9502
16705
3677
4486
2781
18737
11576
8958
14859
10095
8845
2564
7477
9955
14948
17941
13854
17957
12713
11870
11322
6004
9233
8182
17100
17278
13103
4392
3010
15865
16050
6892
2423
13351
17648
12219
12527
4429
16697
5131
17163
10544
14435
17839
12309
3508
19695
16486
4469
13233
7645
10304
9437
9911
4310
10534
10318
11723
5870
10408
3202
8383
9483
10567
6115
18486
12717
3872
9401
13375
5668
9507
13485
12791
14832
9236
5804
13646
13495
17079
6631
9412
8061
11748
18291
18620
15074
3637
8757
3807
12128
2872
4149
15670
17936
8023
13460
5848
15537
12976
16902
17090
3188
4964
4866
15302
7693
13950
8018
14077
19161
9672
6055
2329
7134
8493
11150
7377
18929
13373
18054
19996
9190
4869
16813
7382
3149
9220
10665
15432
12151
14456
9606
5911
19467
19755
15357
5946
7565
18333
3620
12043
2373
12352
8607
4907
4502
11644
4521
17670
9689
8551
11043
3842
13013
8073
4494
7063
7276
17286
18762
15385
7524
9045
10485
3664
16930
7015
3618
10661
13139
8709
9556
14150
18865
14632
17412
11816
2966
10222
11849
18289
14463
19051
3332
18454
8527
5600
11732
12847
13319
4093
7963
9184
17141
15639
13723
2427
10332
6978
6370
16816
10514
4747
2488
9021
2302
5914
12361
11278
6919
9517
3875
10445
4474
8848
9348
8508
6942
2390
15585
6907
13003
5452
9011
7598
19844
11546
18879
19730
12042
15886
14574
7997
17360
9840
16940
12130
9329
11175
5625
10795
8065
7350
19049
19712
15336
9199
4831
15142
3386
7797
17016
8928
10352
17067
12997
10543
12831
9367
2490
2429
4477
15448
11996
19987
8594
2886
8000
17515
11954
13106
10574
3626
10433
4884
15803
6434
2546
8934
2993
5604
11633
5855
8727
16965
16188
10130
15456
11768
16370
6469
8446
8633
14874
5290
6091
5880
5312
7254
19589
6018
2957
17741
11013
2430
3100
15071
14290
6075
15279
11663
16917
8491
6717
18267
4438
8306
3871
7843
18069
13511
16365
18655
5478
17129
13771
9986
9031
9153
5168
7974
19080
6427
11373
16236
15444
9958
5612
17019
15501
5295
14181
9251
3587
8445
19777
4218
16288
13197
12604
9809
10387
10881
8705
17510
9029
5421
7307
15215
14458
14130
14664
12969
6190
13406
3942
8632
8432
9462
3854
19107
16681
18733
4137
12626
11805
11451
16256
8193
15146
16098
8978
10493
6277
13454
17782
19531
17136
11281
15869
5650
12109
4948
17908
6603
16812
14654
7560
17148
16949
7965
7108
9387
16773
12293
15034
8296
11878
14383
13042
9686
14956
2826
19980
12501
19345
12154
15787
13790
11905
2945
5111
17168
10909
9524
15209
5311
9297
2495
17334
10936
17799
17262
2514
8821
12916
11627
9516
3733
16115
3183
19580
18862
18694
11125
14798
8576
17975
13739
11669
19818
3899
8434
6137
16129
4544
11398
11720
6098
7523
16672
6741
3805
8953
13396
15677
10874
13364
5092
10297
5323
5536
16711
18980
10315
10982
10360
3810
11377
12871
16527
5879
4508
15885
14078
12672
12054
6451
7503
5758
17116
3219
18569
17393
2700
4650
9715
10204
16296
11380
6402
16181
19216
10862
17709
5989
10379
19233
19145
3583
8293
7504
11596
15822
6848
12908
4091
10877
5222
11361
11773
12565
7402
12797
5155
10517
5849
15929
19356
4960
8136
13974
3324
9500
16155
10281
14245
4836
7968
10436
11876
9057
16951
19551
11993
16340
17088
16687
10879
8117
17094
13219
9080
5436
10832
7655
15546
8623
9311
5013
8086
17204
3540
12312
18543
13696
5709
16083
3450
14789
7913
18329
10050
18572
3369
14291
4892
12150
17982
18504
13722
15259
19990
3380
17642
15173
2406
3456
5757
2999
11456
13215
12209
14881
17093
9456
15864
4389
13331
2510
15360
18218
4152
5091
19932
4623
9155
19679
15684
18244
19243
11667
15051
12684
5839
15849
16655
12818
10230
18602
19779
5463
8777
7185
16901
12788
8311
2382
16458
15294
5093
13287
17180
12165
11210
6329
8879
12282
14589
10198
4853
12095
17925
12442
16389
13513
10458
5672
18790
4311
18050
13532
8635
2277
7822
13217
7461
13251
17690
5759
16169
7779
10770
3203
15675
11985
5009
14145
12971
5905
17933
10680
15983
13658
17744
9112
3560
10911
19830
3179
4937
2568
10634
8022
10013
5088
12236
17501
14607
12513
14714
14247
13570
17619
11624
9132
8820
14592
10896
16219
5271
6801
18190
3673
6315
8827
4447
3830
6153
19101
19623
4180
18942
2686
9671
4442
11598
6761
12382
16768
11320
16022
9067
19282
16024
12018
19521
19808
19882
2765
9917
12473
17184
13524
12827
5665
11098
6279
6065
18585
19840
2972
16729
16276
5623
8194
2889
8351
10594
13890
6581
2545
19748
2842
5574
2346
10599
19126
10006
14571
9250
16978
5579
18796
10654
2512
4155
17842
10538
9380
5338
8422
17455
8474
9423
4342
3749
3116
11048
14525
15122
3703
7203
16952
2823
16456
19131
13945
15957
13813
10413
10216
12571
16832
4913
2749
4175
14343
5784
7427
6341
15013
12398
8855
11962
17013
5910
18006
18786
14362
11553
5267
3958
8957
14277
11424
3030
4555
16356
15956
7187
19125
12570
7525
7104
6824
6516
3659
8593
6532
15912
8059
8965
8600
14396
11244
5960
7852
3251
6586
18891
17848
8626
15400
11577
9806
15650
13765
16197
14688
16830
18083
17457
12990
18852
19156
13818
13860
5119
4497
14457
14724
5467
10625
6687
2409
11961
8547
7833
5198
9981
3731
15116
3531
6778
10094
5182
2339
13286
15333
11986
6365
8048
11782
11133
4404
9214
17109
18514
15635
14183
18254
9038
19286
14808
12596
16718
10921
19640
14438
11336
16477
10380
9973
11589
12551
17679
8352
14751
5423
3914
6836
14922
19798
7179
17876
13043
14389
10205
3916
4374
4778
15127
5190
4922
12718
15307
11308
12250
17797
17752
19887
15916
2606
18820
5218
3400
12560
5964
9325
15231
6231
4499
4900
16091
8045
18697
6659
10972
12509
19654
8921
5121
10526
11759
15386
10853
6467
19371
15214
5915
13107
18920
3959
14044
5902
15840
2836
8219
9837
2911
15093
18375
13943
19788
7613
3781
2507
11888
15945
13252
19031
19674
18878
18579
10226
16569
14141
16618
14917
5442
11833
17245
19158
8838
4939
18924
12060
6199
16003
9366
9940
3820
16714
3571
12395
2489
11464
2848
3487
7719
5107
6071
3187
13500
16234
9162
13167
13601
17599
9225
17257
3480
16102
7327
14810
4487
7378
10785
4904
19500
19176
11301
15557
9439
13647
14331
9434
9201
15222
9585
7417
18978
19671
10676
2479
8670
4200
14213
2412
12278
10033
13244
3476
8816
5263
8224
18979
19571
4916
18293
5957
3967
2862
19153
8941
13576
11544
7194
12839
6935
11580
8269
17733
3290
3998
18558
8394
2662
3214
3920
2805
17974
9273
4046
15553
16955
6198
6037
12776
13908
8029
2534
15081
14265
8479
12037
10343
12401
19026
14314
6287
8549
18687
2804
10621
4040
7249
15632
18418
10850
5987
6383
19776
8653
6023
3932
11492
12055
13205
11889
18535
2906
3961
4306
17626
19815
14974
5154
19304
11315
18400
13902
12554
11457
19217
7690
14781
2276
19772
4709
15631
9944
5985
19261
7593
5260
17710
6984
7762
5888
18859
6022
4712
17426
4483
11938
6401
4362
5500
7917
13968
5487
3212
9872
15806
5951
10989
15252
7105
2875
7401
16298
10060
16327
4114
14034
5875
17873
18800
16936
11998
4832
12813
10341
5826
17475
9912
17990
3138
5394
15181
8699
4774
17528
5114
11155
13841
16533
7650
19103
12598
2475
13638
5235
17618
19918
18880
17802
9549
18911
4336
5926
4247
19704
3396
6113
10010
17407
9065
16882
17431
17311
12101
6553
18817
6902
7425
18377
14800
16105
11407
15928
12229
16184
17712
5286
3478
7978
4300
15967
4741
11010
4013
12273
3024
15653
12668
12548
13618
7669
5237
17805
16117
8624
11651
4613
7871
3002
8484
3012
12385
15554
12488
11702
2511
6304
4730
2583
11207
15667
19367
15751
16253
11863
4628
2491
2502
3639
7910
7644
12803
10995
10912
12582
12353
15086
13602
15523
9382
10691
2316
3917
10164
11939
19566
10117
2547
19894
6448
13320
17123
16532
12629
7070
5433
3832
16784
8265
19656
6999
13379
10239
6192
12552
3521
6822
13389
9703
4981
15377
19684
12707
2986
7421
10901
5024
15286
7471
13569
10958
7835
18485
17261
3588
14587
13282
11499
2756
13358
13365
17045
11526
14636
16706
19642
10080
12289
17930
6947
16724
13896
7884
5296
2795
17317
16238
8740
13686
11363
14711
12014
6127
3481
2497
13753
14559
5991
15893
9612
6662
3174
10108
15837
18330
17566
11657
15223
3363
11149
18119
7677
8439
8322
7091
6457
18704
2468
18977
8450
16758
6099
6709
8403
19638
12152
15695
3906
12220
14341
3127
15293
7999
5992
9277
4079
6169
6336
12880
9183
8774
2533
15563
14504
5707
9427
15143
9125
11676
18641
19889
18170
3682
14891
17715
19961
13885
4055
15383
4347
7575
18646
4371
8682
9290
3534
12541
13788
2334
10639
19150
9118
13384
11276
15104
5950
18783
3068
11925
19160
11216
8167
13650
10285
15458
12745
7253
8274
5582
15423
15640
4742
4888
6938
16739
15521
2667
12887
16004
4135
14030
10064
15387
9466
13883
9769
19799
2807
13752
4062
19552
13402
10078
18552
5690
19935
8537
3409
8071
11626
14618
5484
14776
7758
4618
14942
16737
8103
16332
6988
9834
7826
11739
5549
10816
18268
3698
6328
10996
19457
6598
9564
3268
13434
15794
9259
9254
10018
12985
11239
17427
16057
2361
2498
15080
5736
19669
6398
14442
17942
11020
11300
13889
17263
8947
7355
5266
14468
13913
17272
9845
9782
13301
8920
16684
13150
15420
12162
10553
5550
4082
9379
15777
14503
4401
11180
18546
17973
15991
14270
6548
7688
9509
6021
18664
19724
2608
7037
15124
7533
7395
15077
16656
9062
16630
5355
2353
5021
18114
3443
12208
6097
2860
16009
19834
4120
5836
9303
9095
19655
5553
4775
12402
5479
7201
12435
4468
17562
11439
6726
14282
5908
14236
13963
4794
19163
2838
12302
2858
13323
6472
12355
18931
11167
5183
12246
7506
11076
16557
11471
11622
11800
10887
3028
13654
17436
9873
7368
19734
19873
4842
15248
19664
17858
16837
9392
9978
6026
15007
3848
10632
9315
6859
18369
10519
4378
15203
5952
19592
18353
10288
6641
5369
19634
9772
11127
19310
5094
15001
11727
6049
6680
12868
3277
15342
11135
2306
8697
10039
14296
13763
17910
12206
16280
13368
19909
11238
6608
18234
19042
6874
4464
11793
8478
17250
7666
9515
16302
17913
14518
15284
15562
8870
9647
3448
14745
14212
15814
14454
17887
14959
10363
13465
13435
2865
4359
14252
6117
17916
17285
4805
3987
13540
4386
12296
17397
5046
18475
5547
5847
7554
8360
2665
18657
16520
5380
11592
18426
10066
17050
12957
18192
5284
12423
8215
15493
6787
6795
8554
17824
7927
3001
19275
19993
14161
17119
7562
19330
7576
8927
6967
9142
18381
12231
10270
12559
7219
4665
7224
17345
2434
8049
3598
8893
13165
10337
19270
13917
15323
8830
17409
4118
3357
15927
7668
6276
16267
19490
15964
9033
12838
19762
6612
15948
17757
7899
12830
2499
14746
10608
4125
18629
4108
14809
8867
5074
10811
18899
13863
11569
5055
18385
3457
18714
19240
6104
3328
17837
12944
5494
11571
3286
18496
9186
2728
16263
14857
11664
3576
19557
9616
8667
11839
13853
6636
12622
15613
2298
11724
13630
8243
10213
18804
8613
19372
11819
7073
5215
5252
3611
12011
5742
9773
2693
12960
14722
2916
2338
3108
13512
14067
14765
19627
5431
12620
12146
3140
16732
7857
14312
4158
16053
5693
7440
12988
7951
5624
5193
2623
15633
13130
6710
5702
5149
12041
16208
7389
10452
16161
10275
13382
5589
14977
2474
13918
8371
2828
8285
16953
4164
19822
5921
12699
4735
16539
16401
12640
8256
16195
8759
8555
12926
8654
10466
7462
4217
14976
13189
11705
8199
6011
5439
10817
10815
17893
4870
14955
5100
14815
10954
17166
15250
7572
10144
5733
9467
6941
3581
13750
14549
16289
7038
3612
19256
3262
5309
12053
9730
18815
19650
18085
5622
6217
17361
4971
13413
11517
6417
5857
8002
11858
10116
3601
15101
3622
8377
15844
15147
15505
10975
11685
4318
9529
14595
18404
14251
15067
5359
11001
12910
15746
19847
3782
6838
13806
10656
11347
9625
2659
19860
4070
15225
18898
4303
15965
8818
3121
7736
15084
16031
4351
10801
8081
11560
16511
5328
7534
13390
10195
7354
4416
9846
8686
7465
9975
13056
18955
18523
19868
9878
13131
15075
13305
10098
3316
8902
11673
17608
2742
12517
11264
14682
4654
14202
9661
11449
9101
15454
14006
17917
6827
15469
18966
9887
18397
17039
18345
3113
5611
19615
7755
10245
10929
14792
4602
6630
15347
16543
6515
6414
13659
9590
14487
6216
3905
9623
16750
2962
19050
15624
6826
6570
4219
3348
13821
6378
8229
17882
5767
15619
8288
17783
2685
10477
5942
6107
5678
2439
15671
19934
6697
7787
12357
17964
2734
7921
8038
19381
12308
12023
10181
6222
2357
13757
16807
16745
11313
16513
15141
7036
5354
8116
17746
9993
5306
18122
13839
12239
12216
5569
17207
15353
14162
16467
15219
12815
15711
7956
11393
6750
13050
3988
2820
8831
18628
13857
7624
19546
17963
19130
3467
6846
19291
8452
16073
11634
3851
15733
4531
8097
6368
18653
7856
10927
2755
14568
14201
18841
10723
6591
10967
4898
17950
5223
15732
6797
18237
3435
6652
3123
12777
4157
17723
17790
11924
8790
6533
2279
14166
6050
8638
17028
11846
9288
7166
5432
5244
16876
12965
8888
16304
8964
7584
3043
12869
10721
3966
5075
11640
11593
10219
17594
5626
5747
17444
19400
16760
15217
10863
3031
3153
15152
9446
18332
12141
11907
10136
3079
19766
18251
17918
13288
18518
18696
8354
12637
5864
8918
17866
19913
4187
6312
3287
3397
8919
3248
11691
12409
7520
10943
8008
5358
10957
16480
14865
15452
15694
6528
14340
3800
16788
12726
15380
15139
9850
15059
5528
7304
15767
4466
19810
19646
10415
5948
15947
7626
7260
17077
14171
15024
5117
12368
19899
8695
5214
7699
4624
13129
6493
6249
11331
13628
7660
8348
9002
17891
4696
3114
6086
13831
3081
16584
15652
11990
3070
15345
14705
6566
19628
14923
6966
12849
5202
17367
12749
11242
18923
5005
7334
9075
14322
11477
4012
11814
10893
14644
18584
6805
10289
8558
4903
15450
15121
8339
17494
7799
8948
8400
4261
6245
4023
5099
11024
5605
5617
6932
19703
9296
5245
15944
2719
18596
6278
7312
19535
4143
16138
13284
8656
14123
16277
14590
15800
6972
7450
14105
17114
13370
8126
19978
13682
15140
18346
8976
14655
12904
11771
16994
8298
11271
10898
5372
12999
19093
10346
12323
17319
5995
3684
11370
3863
11491
17159
13479
16385
3795
19430
7480
8863
9963
11365
14319
14392
10345
15249
14453
17995
8133
12232
6721
4740
6775
7012
4834
13529
16383
19213
16185
3819
10653
5842
2984
6296
3753
14801
15817
8051
12106
5788
16664
17856
18215
14256
14498
14650
3897
19938
11901
15791
6142
3490
16090
5270
13866
17040
19994
4847
10238
17899
6219
4514
13247
14988
16398
19388
5469
10976
4966
4414
6089
14985
9702
14735
3180
14412
6915
17282
14266
16555
8882
17630
19595
16030
7920
3774
2890
9445
9232
4326
8151
10968
17892
6632
7588
13023
3900
14309
3119
13881
6910
2465
19142
10132
8739
10522
17914
3054
13053
11005
6945
3353
14827
3631
15392
3923
2946
5062
6305
15958
18471
3718
5865
16571
5795
9461
8725
12153
14316
5370
7749
18166
6684
11934
11008
17158
2386
9629
9487
11446
14101
14074
7162
19863
15729
6583
13636
16400
19230
17358
13589
19997
18607
13983
16661
13064
12139
12286
13473
3128
18452
2898
15900
12681
11500
14904
17532
17051
3632
5636
11817
11599
13234
5859
17534
4052
18147
11965
17803
11082
7793
18527
15155
14267
5184
15861
9400
11058
7661
16409
18604
11386
14444
13088
2767
5407
2843
10178
6857
15194
15486
13972
16778
6858
12504
19102
2610
8448
11000
5477
6589
8890
15473
14490
19686
17739
10955
11011
15189
19359
4515
14132
14786
3176
18158
4241
9088
10981
3681
13876
11152
15202
10566
17488
14351
6088
17931
18597
11769
18282
8598
15628
9771
15673
9196
4537
10093
6112
5466
14243
16084
15682
15892
6530
8526
14310
7566
15681
4687
4863
16278
8687
8530
19385
16749
4015
8773
5324
17281
19907
2782
2940
4890
5180
9352
3378
4156
8801
6487
16151
7625
6989
15282
14154
11305
3539
6850
9796
13255
17518
18952
3744
11565
10024
13935
14510
3955
13369
10284
16082
15778
6420
9449
3834
5820
8089
14630
15079
18821
2814
4102
5089
6299
16297
13332
16721
5459
18335
3250
12499
19445
8392
17773
14538
18493
6736
11913
5265
8212
13526
17318
9041
10712
16343
16386
14578
2554
4250
10333
6471
12767
19745
4197
14580
7148
3288
18189
17269
13984
15283
10865
6348
18798
14902
10107
15245
13609
15978
13928
3106
6549
19327
11848
10032
5246
2570
3694
4557
19886
8337
15831
9939
14833
14763
7032
18359
11460
14169
3706
12283
12489
3893
10821
15608
16592
3853
11884
17736
11428
18111
5621
12597
5011
2663
8376
18494
3018
17992
5499
7750
7240
7988
12068
5571
14623
5938
4516
12024
16313
3340
6006
19981
7097
5368
18902
11778
9159
6977
6927
17378
10002
18323
13967
12512
3964
5922
14541
15120
6990
2683
5503
13030
5130
5628
13459
4081
3502
4675
5259
14108
17860
5843
15597
8792
9276
15351
5664
16931
18256
14854
11416
4678
2831
5845
11679
7788
7135
9750
18738
4529
2997
18492
19786
9143
19501
2384
10886
16172
4933
14611
10960
16141
3239
12578
4121
2550
7008
17628
17394
11288
13565
18093
7640
13354
9753
19437
2417
5851
18118
16512
13411
7384
19369
9543
15543
10876
16757
16608
3139
8319
12326
5351
17441
6574
10241
5534
5697
8663
12252
16563
8130
3408
11880
7221
14908
6440
5110
4540
9424
9874
19329
14360
8396
10257
8250
15393
15004
14816
7627
11823
16692
6950
18822
18794
10571
5220
4715
18846
8768
13884
14413
2327
4249
2950
4973
9514
4042
9435
16652
7080
4409
4704
15571
17232
12439
16192
2715
16935
14187
5772
7124
11220
8226
11695
7009
12646
9278
19368
18755
7911
3141
18566
16634
6716
17677
15030
13190
9897
19110
18769
19164
15887
14674
7174
10872
16162
18308
6944
4927
9138
7898
13060
16886
17643
8936
13433
13668
19307
11836
13922
19322
10899
7564
16291
19582
8338
18913
19064
13510
15542
13624
3979
7609
19722
6798
11610
3687
11754
10153
5123
5285
13296
13894
4399
8066
16847
15856
8504
4699
17521
16337
15305
6891
11487
12740
12808
17239
11949
2472
3861
8678
4089
18705
11296
10554
13720
19811
6737
5610
4607
13173
13858
18184
11374
17033
8447
10438
18305
11382
16990
13182
4977
17713
10215
17749
10432
10422
15540
16170
11643
5438
7803
3582
5754
19888
19358
9575
8072
16538
10087
19485
6898
14534
19015
18810
12801
11051
4403
9777
16620
5122
17059
9871
5016
13453
12436
10384
8826
2723
2631
19949
13662
6366
16885
8149
16642
11286
2930
4268
17705
18756
3921
9393
6270
2325
17565
2905
16088
9119
13397
3994
3112
17847
3126
5396
5893
13208
16916
7813
17181
10806
8786
18606
11054
11337
2632
12638
11780
3689
8713
9149
13072
8220
16491
14317
14293
16466
18916
18272
19393
13191
12429
4571
9306
14758
15315
15457
19608
15275
6730
14935
7860
12619
18826
5705
14246
11505
5896
9403
15722
12274
7141
3962
12911
19151
12947
4713
17707
19426
3279
16120
18502
6211
13775
12705
18447
10704
8176
15911
12639
15868
10592
13089
19986
17411
16621
13575
4908
7098
7535
4691
19612
13851
2648
10425
6043
2856
6821
5949
13096
16817
4886
18480
14764
7486
7709
5105
17259
14931
5935
4226
18131
16585
8093
9941
8345
13675
3857
5936
5262
4797
3624
19340
5163
11285
11753
2850
13051
16221
19903
7800
12789
14849
12091
10431
6980
2870
10794
6956
4786
16361
6878
14631
6303
15999
6371
9954
11804
12437
3145
7683
8814
6271
19357
10597
3642
6693
9420
10233
15299
3305
6412
15512
12281
6476
15559
11453
5008
7043
3172
18100
6619
14766
16260
8141
18263
19516
14107
5356
17338
5320
4478
4291
13116
17977
17726
3273
16625
14847
3952
10627
13958
8486
7227
9605
9447
10564
6861
15234
17945
12518
3924
3040
8652
16924
12627
12821
9146
15183
18986
18179
10459
7140
17275
11686
10242
3609
17359
15361
9004
17209
9882
3375
11151
16715
10612
13579
4784
2285
3690
18583
12891
19187
2713
18887
10633
8485
2576
8245
18169
5196
13546
14543
11837
16394
6808
8998
10354
14424
10356
5228
4195
7944
12972
14250
13810
10173
6326
13419
13930
11910
11378
3878
10472
18598
16968
7322
17189
16515
17915
9034
19420
8897
4855
4565
8761
9648
15643
4612
6520
15538
19433
14733
10740
19281
14563
13764
14137
17776
12340
8079
12191
7698
15033
5480
10938
13563
13213
7352
9722
19948
14446
2607
18394
3793
2731
12735
2771
16596
9677
15184
14500
11064
16950
4159
10362
11431
10819
18828
3877
15680
14884
4667
13522
15408
18901
16781
3574
19229
15208
12574
18171
12027
11980
7868
15802
3717
9950
7183
14374
2857
13577
7667
5485
7947
16866
11237
11364
11234
5076
17900
5685
3470
14399
9536
14937
10334
11223
4576
8477
12390
12172
15734
14281
4657
19688
16252
16245
5721
9205
18963
16723
4001
5982
8620
6876
11923
14220
3556
10385
17756
17058
14569
4972
14575
2900
4140
10299
4396
16112
19394
18524
6881
13859
16148
18021
19038
2979
3418
15752
4542
15783
7511
6905
10764
16771
4780
5023
2808
14264
17568
7579
6555
13620
4686
16934
7081
9123
16660
16449
7891
11563
3216
3088
19489
18368
15594
10920
18142
6756
17586
8368
6149
18436
5852
2955
2885
15683
19071
14898
14269
10963
13038
13992
11647
5103
3931
4813
2661
15239
18825
7573
15566
12145
2333
5654
14422
13640
5597
7391
6681
19739
12674
9754
10693
14835
11689
11390
3716
5821
5018
4887
12299
19527
14033
14134
3331
16775
14633
8741
5389
16294
13940
5529
5913
19279
5508
8650
13704
2769
11467
19319
12088
6009
4672
10751
6293
14182
12173
18667
4033
15164
3359
11233
7561
14640
19033
19542
13126
17243
17320
13826
18520
14391
10156
15311
16565
18364
15602
16363
16462
3122
11186
3790
2960
6580
6202
13672
18511
4513
18600
12692
7847
2907
19285
18625
18784
17047
3725
2733
4238
11162
17831
9531
15277
16604
14787
7639
17888
12671
11719
14554
6753
11047
7262
11485
13684
12970
13108
8729
6040
4345
19331
18599
4910
5510
8949
10165
19865
5455
10977
9181
10113
3021
3215
17675
13149
8887
11700
16481
2341
4178
18296
14532
19864
8932
19480
9219
12076
10568
17155
3704
9137
4798
14295
17597
8748
7170
8859
7142
8854
15340
12515
13362
4643
8644
9811
8719
18644
10376
13143
4097
16932
14195
9179
15705
8318
17949
16000
19023
12025
10335
7205
10524
8375
6759
3986
5745
11198
15192
10051
17006
8539
16720
19925
8359
8601
11423
12446
9040
18706
16387
12723
8052
13347
6789
13391
10828
2347
17162
13430
15132
7445
15857
10291
19014
13533
8784
15166
17961
17357
5172
10273
10640
18032
4700
11574
7379
16849
4495
9350
4220
13010
16985
16167
12464
17491
13786
5006
5471
3887
9660
6744
7027
19700
9238
16322
10453
13861
17448
19078
14756
19962
19132
17442
13754
11639
2753
16405
4189
19626
14464
7289
16833
16228
5139
4539
3059
15179
9824
13338
10389
13295
16578
8415
17809
12669
13147
14663
15303
3259
7543
11033
13877
7761
10823
12820
4570
5287
10547
9738
8672
4899
12342
10669
7681
12800
17210
6067
4716
7149
4498
17247
9200
4598
12114
19146
14480
9974
4348
9518
6045
16001
3617
19983
19733
9385
4391
3231
7488
3648
4201
5607
2363
5475
10075
4634
7858
16654
5253
15050
13518
11755
10778
13029
14502
13202
12798
8908
8542
10677
15595
18575
16815
19652
11594
17573
12579
18307
16177
4231
18374
17745
6883
6692
19191
9025
4574
15172
4022
10099
6674
18763
16537
5603
14576
9066
4953
15726
14260
15028
14840
7774
11803
10504
3193
13712
19977
15634
12159
4917
16381
17304
17228
9820
18403
17126
15575
5858
17061
12375
10199
2967
7364
2301
13651
17500
8101
15663
12495
10405
18334
19750
7443
4109
6806
2785
15243
2591
14011
12811
11383
6845
2295
12138
5559
13313
11764
4270
9856
13334
14584
6501
12963
6936
3469
6670
7375
4682
13381
10670
15727
16436
12463
2786
2593
7353
15728
9906
3474
12334
2871
7529
19760
7679
12573
12866
16080
3888
2965
19119
6943
10283
17443
9721
10754
16464
6374
7739
16598
6020
2982
2312
16566
8938
2711
4568
16344
4626
17321
3472
3402
15363
6639
13076
16362
2791
18001
9967
19178
12758
6569
18361
18428
9198
10135
13604
9000
16657
12825
3553
8127
11030
17396
8591
10601
16848
16488
10738
6563
5917
19095
17362
12903
3566
15163
5726
19985
16303
15060
15765
2660
12235
4882
2403
15498
13209
11877
8536
2569
6265
7893
2996
12907
13055
12431
5468
13886
13942
18167
4641
16956
16577
13921
19350
4833
4793
18507
14280
13882
14780
4500
12295
13934
14932
8124
9561
2310
3147
16594
15638
16530
2294
9521
17769
9172
7548
16459
6505
11696
19677
16378
18741
6439
15065
19827
15573
9049
12806
5373
8249
3080
19010
7518
6404
15334
6637
16646
3098
16429
14135
18753
4689
14969
5411
12761
17055
6667
16576
19057
19429
12649
5974
12701
4041
3466
5073
16014
5838
18240
13807
14326
18373
11163
2670
5740
5017
3184
10070
7603
12992
19167
8335
5072
8916
10705
2744
10769
13590
17336
17152
10084
16756
14420
4695
18965
6433
11660
4325
2348
4036
12679
2980
10188
10349
8794
11984
7759
12909
3849
3173
4372
13111
7029
18341
5735
3593
2633
12865
4235
12563
6895
2448
3936
18383
14524
2630
7729
16349
8597
17302
4340
5415
18932
7435
15439
5115
7498
14505
18225
9853
10133
5796
16819
3064
17838
12773
6233
6864
4185
7675
16094
15319
19667
5919
19054
5142
14198
7531
15365
4915
11866
4783
18230
12135
14642
4992
12653
17417
4150
11830
4850
3997
8291
7610
16583
9905
16969
2643
5822
4597
18936
10028
12530
8259
2332
17131
15853
3336
2458
3411
19118
16709
4173
3799
8715
8411
4213
15808
8880
18772
8931
10643
18512
19833
12529
11897
8813
10598
19111
2509
5127
6968
2729
18495
9113
4878
8488
9016
8456
3463
11532
11388
10562
5147
17702
9345
11519
12332
11992
8294
18930
18236
11562
8606
9731
16025
11813
13530
17979
6764
18018
11209
19553
3026
2442
16852
15561
14679
5683
15447
5128
3419
14767
9968
15257
4773
6955
19455
13523
13221
9395
12245
16962
18622
11366
12202
2483
18801
12763
17545
10607
14843
4757
17379
2314
2422
14990
4963
6873
15854
12189
15740
2585
17434
8157
5878
6971
6239
15993
14225
17366
13264
19675
3491
3913
12098
7238
14867
5387
5044
18759
8806
9842
11904
18679
7964
12050
7836
19785
17325
3220
5461
13025
14696
4772
10278
10110
11243
10507
19672
17868
11185
3155
9833
15518
16622
9743
8694
11641
16222
8366
11536
11066
18562
14872
14723
16525
18853
3740
14191
9639
7007
8877
11101
14665
18077
11635
11275
11834
7369
13228
15000
17700
12951
18193
9064
18680
6101
6367
18640
6167
7420
9510
6240
5998
18203
13632
12351
19917
15878
3919
15324
12110
13181
16514
13070
18005
4790
7489
19697
6407
15489
15930
13308
7178
10919
4473
15629
13014
17983
7702
19943
7076
10309
14779
5226
16376
7023
5562
14390
4507
3315
5340
15205
2486
9756
11221
3674
19792
15072
3809
19648
15003
5473
9732
16650
10709
15938
7632
5793
10511
2681
13995
19248
12028
9724
16551
9542
7596
17134
5903
6908
18909
7118
11077
3645
6311
12134
8977
10736
3594
11642
11835
18540
17025
16897
16730
9169
7112
14876
7642
9078
13844
18156
4246
3558
9506
13708
11783
7522
10588
4867
10839
8896
12589
12009
10605
16070
18974
19617
18818
14338
17989
10535
4369
19576
19947
18860
6034
14173
16366
10558
19641
5342
11551
6244
16417
2540
11573
15795
8261
3283
5104
12381
15440
9493
18676
10808
12662
5790
16390
14499
19205
3940
6430
15555
17998
10750
9916
14235
3471
9602
3404
3067
8331
10672
6318
18854
16448
16863
7589
9568
6054
10235
19408
16733
15535
9558
5727
2696
8195
8992
7202
19312
3468
19538
18627
6593
12886
15801
8871
2342
6437
3111
10059
5860
12380
14229
8143
15128
2414
19787
5642
19077
14837
6340
4383
12948
17971
8407
13910
12331
17762
14507
10429
16227
13761
13610
4579
3050
9182
3779
5231
14268
8945
17296
6094
19874
16092
17335
19308
3513
17231
7046
7387
11187
13204
15232
13482
4335
11063
2863
4294
13661
19203
13595
7708
10316
15373
5689
10809
6118
2372
12888
5401
12478
5666
9342
19603
13616
19007
16794
8418
8019
6745
18851
9271
8498
5794
6703
8271
18034
13977
12804
10271
17465
8458
18052
17718
3343
11735
4745
12685
9361
4453
3739
11272
18744
12874
10357
5040
7060
7053
7848
15490
14596
14667
18593
9725
2790
12288
19403
16638
3426
7730
12233
2318
10925
14357
19447
15375
14621
17716
3768
17804
11262
16042
6969
17604
17146
18743
7280
9249
17775
16233
19539
5474
9829
8781
8017
15826
14647
13700
4123
8214
4490
13455
17653
14217
11683
7092
16336
2988
16964
6904
19966
7828
12123
14613
8435
19850
18243
19154
4253
17952
8990
10282
17398
2320
5656
2852
12792
18113
19803
14638
13374
19951
14943
11228
7649
6998
8994
19278
4978
4769
12746
8169
12914
6715
5657
19805
15852
13298
15396
17508
14993
2587
10036
15425
2383
8665
3623
10125
18992
10520
7623
9261
13018
6582
5929
16851
16251
4480
9211
12580
8497
18224
16783
15974
18136
4523
13316
10211
5809
7168
13329
17958
12450
16213
7084
14783
4252
8330
11045
17498
14567
5374
5580
3351
12682
7131
12418
18110
18776
3982
19605
2678
15109
3160
6335
2992
8094
4835
5106
11248
4344
7948
18412
8156
11138
18684
18470
7508
17113
14238
6424
13538
7479
15962
3306
11798
14683
17490
14347
8152
13568
10367
11404
6479
16371
14537
11037
5388
18951
6696
19624
9932
17446
11307
5746
11847
16430
9282
14346
9476
8372
18300
7385
6224
16191
19950
14719
3278
18425
6280
19469
15096
16369
13101
11991
13825
11661
18188
6212
11440
17993
7119
6734
11713
7403
11861
17008
6384
9185
12243
8730
18239
15867
17153
10179
13002
12190
5134
9779
13667
13834
15923
17002
18198
3090
10933
14805
2513
10217
9116
14415
9187
4004
18261
10416
8732
18259
3076
13440
7496
13494
9937
13155
12993
16892
19292
6041
18760
17203
3267
2556
5039
14168
16498
4865
19105
18976
11112
17549
7776
19052
16913
17274
12753
19321
15466
6309
4288
15908
3675
5708
14348
7955
11083
6405
11145
7117
4636
16254
14511
11824
2779
8326
11786
11353
18388
19601
8425
7732
8492
2736
19958
8468
7470
6560
12249
4881
5799
3889
5314
10046
19068
12956
12986
19673
8563
10460
14517
6468
18789
18568
13824
2421
8531
11484
10729
15182
15495
6755
18710
13777
6804
6820
9100
14610
10648
3565
8795
8441
16472
6539
9726
5601
12223
8535
5278
13862
7341
7376
9652
9792
4272
14070
14090
9574
13203
17236
8579
9913
14365
12019
8177
17514
9546
14170
11886
5026
7850
4283
10820
19807
7319
6285
8942
11911
14521
13689
4629
4193
15599
5990
13425
17777
19609
11899
10586
11516
12676
15346
17691
4593
10303
12148
4873
19795
16716
9280
12953
7659
5854
3563
6993
19680
12802
15032
8069
5556
16764
18264
12665
4658
8120
8347
13679
13212
15618
10225
7805
6360
9341
8480
13198
5383
17951
16418
10052
8657
17663
15343
19341
14139
4505
6268
10904
5548
9384
2531
3873
8907
6119
6092
18038
16987
6924
16686
19596
5334
13619
6284
13832
14771
11195
9030
17994
2866
7058
4210
15970
8911
6208
11746
15099
6928
12628
3644
11791
19633
15349
19311
5447
10695
9428
7883
18351
11191
4277
8198
12185
11698
11433
7190
4282
11325
16179
4406
5381
5384
11287
3831
17017
9231
13507
5456
5802
18894
6660
19769
16670
13392
4437
17297
13709
5840
16194
18686
6363
12927
10101
19857
15481
19435
4054
10580
7747
18521
15894
9831
19513
14660
15687
13657
18693
18079
7335
9570
5670
6731
19210
3206
9360
12081
12343
8996
18358
6735
19616
14084
12170
7088
7332
15986
8543
15348
15823
14345
6258
17374
5927
10505
4039
18532
6141
14358
4895
15989
4479
17237
11073
4961
5366
13639
19564
2725
4586
18453
8669
10139
13099
9943
18382
3294
16603
11389
5884
17601
15917
17721
2926
12719
10358
8308
10395
14890
10852
19965
18003
18213
18209
16755
15451
7150
14949
19136
6986
8586
12428
8134
16478
18757
7439
3036
4450
13830
19456
9760
19761
4115
6494
8186
7300
11763
5662
14547
12388
4356
7452
7832
11397
19309
6052
15781
5390
11299
7938
15260
8343
18957
14053
9666
4009
5590
12981
18764
18837
5981
19714
7372
19375
2404
3434
11636
8098
6053
11102
2752
18747
3699
2275
12290
2281
2274
18824
11035
11852
14263
13065
11799
14806
7725
5573
16854
16894
4771
15636
14963
3635
10913
16210
9441
7962
19242
17389
2433
12817
10312
14702
4768
15762
13755
13475
12329
3757
14561
13028
3222
9242
12324
11367
5325
8346
15230
16372
12030
5638
10003
6782
15645
14880
17249
9881
16074
5216
17846
12641
16535
7446
15547
9458
6550
12765
10651
6419
17315
10947
4506
9463
19123
4098
3063
12222
6458
11630
18656
19183
17928
8800
8636
13591
17120
10486
12601
9323
16331
12300
6294
19090
14989
10950
6028
17433
14829
19585
19778
11601
13151
9924
9828
10742
5440
9610
13236
9054
8574
2764
3743
7085
13660
12602
6752
13552
2692
14526
8189
16846
18829
11856
19922
2953
9533
16348
5272
7621
10160
4646
18438
15462
10377
2778
8924
16877
6334
11844
12996
19148
19723
2505
16600
13450
18474
3925
5943
4051
11189
12558
9452
12894
4828
16839
9930
18115
12568
15925
19351
3767
14014
3580
18269
5470
6916
5135
12029
3992
6337
17943
16212
3429
16305
7842
19979
9718
6579
16379
3110
15296
2829
3573
13277
6165
3829
18047
15228
4644
12924
4065
11796
13117
7422
17714
6645
18770
15040
18906
9784
15592
14915
5192
14493
3864
3613
6529
17473
11329
19573
18522
2839
13969
7398
5581
13388
9373
10869
12276
5966
12107
7960
14491
10964
7165
8266
18046
17423
12902
2454
3760
12126
18458
5029
10555
17489
2837
11618
15788
11395
14440
10112
18250
17781
11418
2801
7682
19732
9804
16587
2763
15321
4078
10364
8738
7159
18152
10361
13318
19607
15035
16157
14929
14970
17770
15160
15580
2350
11774
6181
7866
18049
15910
11096
7714
15449
2832
14126
13517
17137
12082
5958
9964
17817
18855
18547
3189
13049
6595
2394
3269
12737
2463
9653
3042
4670
16628
11920
11548
10071
11094
3335
4566
15610
12318
9670
6647
12659
9240
13044
6046
11265
8454
10328
6070
14286
17139
13872
16395
19328
19257
17717
3758
2802
5675
15842
8075
2604
11156
6646
7099
7538
10074
5229
12595
11092
5677
18795
11978
15985
7599
7138
12609
12860
2844
19373
12384
12234
12702
3501
19742
13372
14527
19884
14038
7252
10747
15755
5728
12678
11430
14794
14866
13468
14371
9292
4296
2392
12479
18277
15273
11582
7456
2426
3976
7305
19454
16359
11841
13505
18624
4037
13418
13148
4402
6508
4454
10906
18863
14386
18285
8309
4538
17850
17246
18699
11034
8608
8940
8746
10127
9295
10323
8560
14818
15899
16624
5818
7429
18498
13663
11174
12607
14920
5167
8270
11184
8012
5178
13787
14089
8082
9356
17147
16677
5587
15019
6124
4936
10673
15744
15117
19794
8796
3000
15328
11595
5430
14113
6536
5555
10692
14143
14744
15601
8532
10121
13949
7182
14994
12845
19593
6896
17340
11435
5331
13200
2897
19945
9849
19209
18164
18897
3133
10147
17547
17382
10908
15769
12059
19087
17671
16791
4632
8210
4601
2308
2672
8997
17861
5187
7164
15151
4799
15689
15401
13141
19717
17901
10469
7433
11029
10115
19441
10489
6123
15816
16355
2925
16399
10959
9622
3972
3235
5608
6463
3950
11053
11788
2614
18659
17421
13159
6460
3307
8386
6688
15915
16423
12780
4787
2293
15300
2438
7442
9877
4014
17644
5640
10042
6373
9180
14579
13737
7200
3055
8785
6357
17569
16011
19277
15379
15623
18661
12348
13692
4240
14506
3167
7941
6386
16135
2500
16496
14895
11327
18605
6206
14486
6080
12438
12344
6076
2961
13514
16871
14772
7181
6411
16145
5028
17206
6033
10776
15372
2391
5489
3719
3569
9766
8044
15648
9316
18183
10206
17639
11222
8993
2914
6122
2335
19496
10837
16753
11838
7721
8629
16943
15656
12881
8883
7882
18202
8641
10774
10765
16524
7313
7242
15749
16174
15244
5129
16183
7556
13246
11762
7466
8053
7390
10397
17372
19911
13291
14703
16328
11411
8648
19802
14968
8246
4364
11355
14297
11550
10306
10457
4128
2469
11121
3628
3876
18702
15564
5882
10339
16402
6121
8034
2575
5375
16432
11311
18421
3105
17907
6301
16166
14831
2313
3533
13539
11947
9907
4958
11334
11535
4424
12224
4408
7790
16977
7879
17479
8140
16942
12790
19353
8943
14966
10784
7615
19796
15413
3417
14010
13927
7048
15963
18441
4727
15235
9618
3544
19221
14566
3866
3329
13919
8163
14218
18386
7717
12008
17530
3194
7152
6205
6213
12534
12686
14367
13432
18995
10025
14081
2397
5819
6882
8430
8881
3225
13033
3547
5873
3213
10004
19157
5954
2616
17294
15037
8278
5425
7156
16460
16171
17919
6241
16198
19198
19837
18528
13092
17960
8592
17581
14344
16928
17066
8668
15994
17293
16044
13445
19482
14690
15368
15846
8399
2609
7214
7059
4879
15314
5764
19647
19536
15114
16889
7949
14996
18551
10602
14388
16810
2770
17894
11420
9808
6484
3086
12755
3477
16957
14321
9836
7876
17750
7028
3073
14469
3319
7516
13725
6230
17833
14097
11368
7229
13162
8128
9957
19061
2975
9505
2419
12698
10766
2951
7380
10350
10184
8283
8984
13387
17785
3094
17300
14031
2628
2938
14777
16874
15924
13265
5146
19238
15780
14329
6655
3662
18141
13248
9528
3403
12472
7515
11472
16806
16428
3649
9422
7781
2508
5255
18561
18465
18276
7356
9022
7995
19877
5422
12819
9984
8767
3500
5680
11671
6498
14398
9083
3585
19741
11749
9532
14364
18390
7000
14820
10797
3082
9867
6638
4925
4043
11766
14036
3837
3968
18217
9800
7558
18105
5251
4308
18973
13528
7317
13893
18094
15459
6557
16216
3771
17938
12097
10841
9471
15790
9889
6783
19509
8567
8273
16008
19104
3792
9534
15039
15224
7397
4225
19016
14302
17416
17049
18416
11479
10103
7716
4608
16536
9210
2817
15792
7570
12033
15241
13550
14775
19168
8745
19693
3377
14564
7216
7069
10267
18321
19905
14109
5346
13166
12743
12675
4941
8413
19606
7374
16599
12266
10497
10443
19881
18948
15195
3614
2291
5056
2602
13238
7751
3156
10444
5492
8685
16119
2567
11204
13652
10446
14449
18612
3440
12460
14666
7295
11017
7922
7806
10857
2824
16440
12378
8892
14862
5925
3881
9023
7925
19953
13178
16224
5811
14656
10835
13135
17970
19584
16542
10451
13770
11006
18701
9097
10166
5585
17542
8043
19497
5940
9228
16804
18490
17779
18446
14535
2699
2653
17007
4803
10088
8099
8401
19991
2452
9747
17169
17408
9343
6333
19225
16214
14047
18482
9794
4822
3252
18265
12157
16426
7348
3361
13035
6739
15370
9051
15204
7505
8088
9931
10644
6929
10613
13426
15872
4446
4591
14907
19797
15748
13574
7933
9020
9310
4989
15519
16079
4685
12496
13186
19928
4548
4397
7976
12149
10131
11478
3217
14434
8540
10122
5939
11504
7331
4996
18127
10317
17596
7792
2521
6001
2883
2356
16046
8895
13462
14035
6572
8495
2282
10202
3265
7754
9525
19066
14715
8980
12633
7547
18367
11977
8267
5189
14051
16717
14851
3227
4872
2849
15960
7539
14481
16032
10616
7620
14641
7448
8937
3840
3984
11682
9971
19774
16904
6081
10688
13153
12440
3314
2557
11896
12828
7544
3844
10658
12670
7481
19194
19086
14741
2629
4931
6770
14234
13845
4791
7013
11515
17576
16748
3190
11117
14425
2345
12221
7841
4706
14304
7301
7993
18915
9235
7870
15507
16502
15796
10440
9426
11208
7151
10722
17295
10858
7753
3985
17471
5659
6686
8207
13515
17332
8096
4530
13735
14318
17348
8037
18660
14697
12015
16061
15992
9244
14804
10388
15133
16424
2913
9039
17829
5496
7710
7198
4063
12968
4485
6449
5743
6470
8874
5441
19930
7373
5539
3636
16981
4510
8885
8506
4242
15529
9581
9755
12506
5085
2418
17052
7658
11893
17425
13773
5460
18116
4776
6628
12538
5967
7267
11494
4440
14785
19747
13772
14651
15897
14552
5714
13960
12939
14224
4025
7757
14179
18053
16939
17676
17555
4016
11945
10314
10700
4119
4517
11219
4233
10572
7284
15954
13509
3289
19008
8512
12356
5800
16189
17533
12812
11770
18420
6474
10900
19487
12285
6658
17621
4800
15686
4806
16217
3610
19424
15524
2459
18154
19970
6185
14726
6168
11266
17466
10019
5564
13054
12203
6884
4599
18849
11142
8967
3554
7410
17921
4661
15145
18231
14492
2803
6585
15426
7915
16473
4877
11406
17636
12075
7066
5113
2813
16087
14092
16856
6784
14624
12322
14418
12666
11036
2565
14125
10611
7484
13674
9989
15591
15088
16201
2388
5137
10197
14807
10325
5543
10814
7880
17069
19517
5145
11818
10302
5629
15491
15467
9129
16140
12350
7597
12555
16861
15229
9945
11752
5125
5140
4423
10690
18793
4028
11999
16645
4959
14478
2290
13944
12772
7692
4802
16974
18703
8904
3488
19699
5337
8369
6890
9903
10548
18112
12892
19137
13607
9349
10694
3700
6931
8165
9091
9925
19858
12955
18637
2840
8913
4280
8622
17118
3129
2792
2617
18961
16317
3085
5797
7306
11608
12305
9279
3191
15990
16786
5522
19622
4206
3712
10355
16330
18926
10176
17747
2476
18517
6100
8609
13031
16549
18434
3634
4029
10450
5633
9419
14330
16896
13218
4067
5944
7671
7559
6794
7359
5446
19941
9813
4031
3300
10905
19569
12497
17656
18500
3142
6573
7952
13235
15699
18619
7724
3484
2989
5450
19239
9319
14167
14509
18177
15171
16776
8459
11375
12297
7902
17704
8281
15482
19892
2349
3084
16114
14408
2691
9696
16572
12058
12842
11168
17410
10849
13187
9513
18340
6840
17826
15100
18313
19070
16651
2303
19389
10220
14177
16993
14080
14207
15584
4298
10369
16864
17350
11900
11068
13437
15742
15579
9613
15236
12265
6592
17947
12092
10053
3960
11445
10296
2374
19188
11260
10030
2410
4059
10224
15410
19423
14629
17520
15804
19942
14037
8329
13669
8373
10790
3791
16202
18013
18533
19523
16232
15997
7209
10701
14323
13864
16411
2305
19020
9359
9267
18159
4104
13226
6014
5891
8875
6567
8991
6183
4581
7903
11662
14111
19544
10589
10812
17073
6229
3995
10998
5301
17624
10894
15463
18594
8239
13923
12961
14196
14871
5593
13241
7025
9679
6523
3373
13936
16414
6545
4630
6343
16842
2444
9869
16229
19765
17660
12616
10743
17771
2936
9791
16286
12546
16615
9538
12837
5639
16675
12618
2326
18752
17834
14626
19763
17341
3640
5064
19861
18409
4509
2286
3099
18337
16047
19006
2492
10530
3383
5138
7055
14973
17214
10570
17884
8057
5780
3185
19749
12617
13980
9128
9258
16960
3930
19631
19170
13311
16844
3726
17191
11072
13516
10885
14747
13521
3051
17373
5281
4141
13756
16736
10596
17173
6633
3524
4912
18219
4216
2352
11312
4202
6426
4840
4585
7549
7275
11501
5912
2378
14278
19658
8010
12610
6511
19082
12104
7106
11107
15453
10569
13378
7600
3249
9567
9896
19957
11908
5551
15268
13670
7837
5124
9866
8690
12291
13134
12183
5540
3752
19666
6738
4319
13502
8962
2698
12906
14043
8257
8313
11987
11742
18074
2777
13174
8762
14414
10481
17541
16680
10655
10143
7629
16071
15799
15433
14479
12013
9654
17909
13293
8058
5319
16785
11493
4897
15125
4785
16992
18229
12841
17870
5030
17764
17193
6306
10536
15716
8849
15641
17481
2354
3766
16465
8469
12197
19757
11245
12430
5737
16880
5649
12158
4229
6184
3069
19974
9007
17610
13439
11088
14094
16063
14757
11254
14496
5572
10965
9861
5170
5515
15389
18867
9640
10124
16279
9148
18098
8356
4133
3272
10236
19084
19404
4045
12003
13069
17538
8222
16972
14427
16722
4875
8328
4940
2855
4264
3198
8923
14366
5098
16999
14021
15478
8374
13183
6694
16397
3808
6918
4061
16435
3037
15335
17731
10256
11452
13587
5583
11607
16040
10140
16165
16039
15679
9681
4332
10527
9720
5983
13987
9047
18247
4380
10550
16096
15281
11250
5378
5961
14602
6747
17759
7953
16360
7173
2815
19295
12606
4830
4323
8292
11470
13045
17560
15785
9050
4462
15793
7222
11722
12196
10014
16005
10884
8247
17001
16237
16907
17482
6981
14593
9204
12706
10374
10810
12799
12855
16147
17343
17537
15468
6777
7834
17728
18160
11474
11579
11130
3255
6369
2537
15720
11936
9976
18324
12643
6036
14110
13793
4451
16550
5720
9009
16438
14131
19908
6656
18107
3646
17807
16840
16261
13694
10647
7223
10915
16351
16879
18983
2367
15322
18235
4527
10189
14068
5153
15828
16060
9223
6218
4734
15261
17939
11591
14055
7362
15382
14870
7981
13874
4049
16553
5567
14045
15587
17580
15409
8914
19644
5264
7246
9838
19193
3685
18838
12688
19169
5403
17559
10637
18541
4736
19494
18222
19432
7646
14447
16479
17445
6713
18709
16021
6976
16173
13098
10250
17620
12982
11442
11606
3459
19415
12226
5294
17314
15126
5353
7904
5832
4228
15690
14748
13393
19267
6044
2447
9284
16347
4984
14981
3505
3670
15606
14151
18339
13207
12918
11356
4254
3281
14276
8523
9229
12913
10777
13582
14528
8416
8917
6069
16843
6445
15550
12475
17812
4955
13911
17845
8310
4467
18488
2555
13600
12062
15660
3062
17242
11349
4030
9692
17577
8382
8370
14275
4839
7126
14359
17871
8201
4640
14211
4998
19222
17213
10483
7363
4021
10072
6339
11084
18245
16560
18185
14052
17192
13549
10532
8684
16597
13702
2806
12863
19549
3784
15833
10390
5307
6676
5619
8519
9060
5437
15698
19263
9344
13501
16872
4874
8174
3436
6264
14008
5787
6396
18476
8815
17674
12124
3013
3431
15717
14903
5599
19614
15714
3761
17103
19842
14335
14770
7128
17273
2784
16967
13250
9451
6776
13979
17107
6438
14133
4425
16838
12269
7935
12280
6257
13716
11981
11820
13566
12325
2428
5699
13017
8651
13794
10141
9684
7258
9163
14017
15186
8444
5959
15415
7742
18410
3754
12873
10714
15043
4664
17470
8388
19287
3724
4690
13776
8809
8092
18959
17241
12374
19479
12585
15443
17105
6408
18580
15551
4732
15718
19236
5895
9619
13344
7789
14882
12557
13878
10428
12248
17188
16995
3796
7695
18463
10403
2827
16860
17629
16822
11623
10187
18816
4400
14550
16495
15821
14523
8144
7184
7430
19315
4329
11542
18162
6558
15054
11344
17313
2600
3564
4084
14313
12507
7449
18297
17760
8463
17554
15014
12794
19921
12840
17969
6807
13677
9744
3211
13798
7611
17461
5739
13071
4314
3399
15091
12373
16595
2288
18165
15779
18062
12844
11912
6188
7987
2821
10788
12237
18972
11507
18248
17172
9386
13447
10660
17808
14984
12766
15850
11473
16262
8111
8569
15327
10868
5778
17703
5725
19189
9789
9704
19659
9655
4731
9739
11154
2718
6147
4550
9115
2887
2783
20000
14921
14606
16346
4002
4582
16826
4653
2560
13705
19649
5379
5413
14753
13493
16568
12215
13093
4616
19537
4170
11466
8582
16235
8196
2436
2627
10650
12319
3275
13678
10191
18286
15737
3455
11859
3678
5458
15105
8605
18391
14720
15097
2740
10615
3244
10402
16712
6723
16182
18401
10668
2768
8573
15417
3424
4610
4367
11821
15959
4823
3548
7767
8528
14612
5591
2937
8728
11751
12465
5722
11113
19900
10340
12852
2580
3911
10771
18633
18149
15320
3376
12096
11148
19526
17902
19940
14384
17954
14773
14924
16442
9635
12695
4633
3263
8315
17864
10768
18096
12615
5481
17823
15621
6991
19413
12292
16345
15112
19960
15356
6160
13721
8929
14992
9774
10058
19726
9835
15888
18740
9892
5250
15581
11613
19793
14768
5687
10966
3285
5866
7366
3604
15565
4991
11997
12809
10145
8575
9059
9765
10845
14085
6290
3764
19920
6195
3120
11964
2562
9645
19506
13504
18347
13081
4759
12690
8014
6671
5862
3515
7065
17623
14936
18889
12720
3765
10311
19767
7109
10424
4418
3233
18781
11165
12031
11976
11302
14980
9010
17587
17071
7785
8355
5336
16412
19976
15267
4274
8679
14407
8387
14476
14156
6159
17664
7206
19207
6829
16769
10791
3975
16961
4377
19306
13904
17681
4945
7418
6901
16178
17794
19453
15175
11469
17877
5883
15696
15068
17075
10987
15934
17836
5834
16468
14494
5783
5863
12066
19186
10545
17693
13458
15265
17046
13519
10182
8258
6825
5511
14520
6359
16971
19967
17793
7946
6016
5032
13307
7137
7396
19843
5181
4546
9535
9298
13336
9855
18875
3253
12077
6136
19708
8090
18576
6283
12386
12603
5241
8696
13232
14946
6733
8428
9823
13938
9260
4551
2716
12553
19849
16255
8769
19100
19819
9494
9017
7707
8568
16635
17012
6172
18497
14005
2396
7936
11868
16133
19781
11650
3803
13057
3175
6754
16136
18204
6871
16034
15015
19302
8241
15026
7530
3529
18571
3948
13929
7175
2331
19493
9627
6701
5377
7339
18964
6475
12632
12244
6922
9046
3835
13811
19072
3134
9084
3390
17706
16421
8238
6577
13120
11631
2328
17132
14460
18975
19459
9608
8303
18398
14405
3091
4459
17519
15354
13303
15834
10396
9997
14324
16067
18689
8973
13937
3536
16632
7256
7801
19117
17544
15460
7932
3017
7130
13407
6576
5405
5816
15568
19410
7328
16623
16644
14015
17932
12989
8720
9638
11229
8823
16146
19661
14024
8637
6543
10560
5175
9230
18782
9991
19324
5483
3462
7907
5753
18730
15076
5424
16314
19590
9286
12238
14099
7273
17546
9545
13842
11967
13328
8580
14474
13176
10600
15975
14658
9252
8164
16920
15138
14103
6143
4271
11795
4138
10470
9140
10057
18636
15855
15295
14675
6668
7674
14071
4488
3981
10126
17009
17277
12064
6007
7282
17959
13270
2516
10348
10719
6682
13781
11874
10528
15725
19812
17991
5001
13585
16601
13553
16036
8113
12722
14698
2504
17926
3527
19563
19562
14203
10089
7434
5077
3785
3022
14828
3423
6133
7217
9468
11284
5225
14116
5318
13838
11659
19342
15412
2645
18466
19721
14083
13791
16893
12065
9578
18832
3271
6893
4419
17522
8780
10623
5363
15350
17885
3833
14436
6970
8742
14350
3953
14239
13275
6975
10930
10016
4263
15798
3365
9114
4317
8625
11637
18501
11843
4297
12532
14599
3321
18182
13404
11199
3732
2921
16002
14007
5762
9151
17763
2405
6108
4472
9027
10410
16503
16433
14190
18775
15436
16982
15290
6063
5977
19184
13058
8379
16859
15422
3296
6372
5716
14558
6771
15271
12897
8717
7970
9498
18301
4733
6911
16570
17557
9035
6746
4375
17452
4257
13699
7606
4018
7014
4600
7605
18429
2443
8726
3135
15896
13852
17030
13163
13268
18675
3607
5531
19510
4382
10513
7475
5236
5824
6679
10626
19771
17553
4750
18030
18981
19058
11518
11144
8680
12000
4196
5807
19491
6274
10744
6973
11134
12575
19273
10583
18210
13474
5681
19438
15446
14254
16626
15276
17572
9212
3815
3154
18958
10371
10833
16205
12143
6496
12048
12433
11310
3688
19676
8068
5526
13084
4535
10474
13040
19705
4073
16929
9862
4604
15066
10864
6923
7905
11677
14397
16641
7457
5007
2525
3016
8969
12592
14328
10552
16619
12022
19177
13645
18155
11253
6714
19443
10190
15873
15713
8460
7114
15757
5171
2634
16802
12725
2596
11745
15710
4526
9006
16142
6673
2389
17414
6456
5429
12303
18238
7226
10378
5876
14232
12919
11039
7169
11339
5126
9272
17127
10359
11328
19396
3902
6203
11432
19001
13713
9465
2864
3751
8307
3600
2739
8571
9454
5598
3311
8042
4511
12017
6605
15103
16691
4705
14303
12046
15976
18970
8979
2722
19532
5019
13146
4324
2737
6395
15577
5482
18712
10249
2622
8005
16831
17370
12625
17063
5552
13487
4858
12950
19121
10138
18059
3257
5748
18211
6191
16446
14172
12363
12214
14769
3029
5801
18529
6842
14617
13175
19030
16564
17531
8615
19883
11915
17157
9582
11741
5490
14839
12337
2654
6760
17363
4854
14817
13544
10949
10756
3479
13571
14889
16069
3786
12113
7773
3903
8147
7864
8630
10186
7394
17720
14223
14079
5897
6712
6012
8449
3869
18943
11090
3599
11408
16122
9814
8869
5953
10400
15238
19502
9391
11628
3159
7514
8110
17548
7712
9263
12257
15590
14608
18468
17627
7664
10015
6227
6597
5133
4167
4902
4983
19598
19412
16384
14285
3027
14244
5731
3223
6979
16199
13915
7616
18765
14122
8751
14287
10262
3818
3695
9496
2297
10577
9851
6833
18459
9383
7329
10159
7924
4883
11726
14337
19773
11785
2415
9803
18677
6837
7656
17102
13481
19982
17085
8317
5651
5083
14972
6204
8320
14877
14975
16127
12477
9457
18778
11489
9398
12275
6436
11429
4417
15270
7478
3362
16144
19896
19377
16419
5641
6323
2868
4952
15367
9780
15966
5086
5151
11638
12116
6488
11687
11326
13259
19630
19505
13152
15511
18831
11120
11950
17815
10546
15525
10802
12770
5517
5443
12407
9641
16522
16484
18938
5404
19801
3014
7662
19620
3032
11937
15982
9559
6535
17492
8585
7728
14553
7302
2707
2747
9415
17074
5497
7176
17612
8067
13796
13626
9548
17419
19597
14283
3498
6079
10221
11015
3661
12520
14152
17125
6255
16357
6105
4289
3264
10259
3545
8437
14219
15471
2867
12648
11241
12889
10854
15622
13343
5877
16607
6381
7894
13988
13804
13258
4393
14065
4357
4452
14717
3182
4906
6228
3146
13446
13214
11572
14063
18658
19039
7680
18988
8365
10760
2519
11170
18325
12205
19370
5162
17010
11941
14885
7315
12212
14377
9086
13869
17696
8204
15922
12396
16180
7318
18609
2758
2964
4558
15262
9751
18008
14355
11352
15548
18912
15772
3676
11809
12469
9827
3066
12074
7765
17306
15240
2359
9812
7062
3651
4824
4692
13036
7628
11894
5827
12040
4160
11079
19002
8305
9058
15285
17822
18921
6507
5844
16159
4237
19237
19174
18577
11543
19483
10307
13032
3710
16482
6310
4719
16944
13398
12805
13508
19715
8858
8475
14174
8078
6338
12470
19720
6540
16890
14048
10123
18809
15474
8824
5525
18647
17859
4430
9894
18312
12230
2969
16186
3949
16975
6588
5279
10392
16048
3196
10866
4721
18414
17117
6800
5205
15316
14681
19653
11972
7607
17966
17493
10698
7665
5924
5655
4223
10105
13472
7581
3989
15211
8161
6189
3161
9544
9417
3980
17780
16534
8112
5166
16823
9966
7386
6225
8231
15406
10842
15428
18850
8595
12200
17564
5791
8397
6425
9620
7455
2319
13310
17463
12562
3309
16540
2292
12748
4649
16878
6261
4943
18949
5999
4068
10508
19116
10829
15167
9588
2746
4655
11158
7259
5015
3355
8505
8509
11919
11584
15810
2579
18084
13498
12500
5576
5749
10628
11108
16905
17506
17331
14516
18176
3320
12117
16988
16033
7054
10609
18422
18206
15701
17036
12169
3060
10228
5317
4337
19729
3683
16612
10531
9256
5890
7851
9152
9206
16218
4256
6093
17645
19568
13833
9195
8216
5971
12001
17201
7068
15049
17347
12372
10549
12883
18220
11277
16707
3496
18011
5502
6727
12516
11384
16869
17401
7777
10368
10994
16708
16798
6531
9599
15630
12240
16408
12026
18914
14445
7585
4168
11737
13617
16976
16858
8150
19114
3747
10406
11916
4543
6039
17987
8153
4260
3586
3883
2289
15876
11678
14016
15472
11927
17867
17115
9255
19297
14241
5972
5606
4894
14258
15136
19577
15843
17583
6657
8421
6077
15921
8989
14153
14560
11376
18012
3218
5118
17513
19752
6607
14001
6885
16991
5520
17688
13415
8522
16487
7310
18792
8507
18144
5786
9748
12020
18856
4674
5256
5257
10301
5161
3826
18567
16506
6648
11306
11002
14515
10031
7021
19060
4379
15006
14519
11853
4549
19591
2710
16808
19600
15530
7741
8710
5703
9728
15169
9444
15582
6300
6792
12176
18061
12700
10622
3821
7230
11918
10261
2880
10734
4752
4071
12654
17220
9135
19534
7244
11128
4107
19470
9996
8905
7316
14272
10069
19835
4528
5887
7594
18252
6790
2998
9408
3385
14451
10682
2571
13691
5173
8640
5322
3738
12271
17792
6057
14114
17686
5777
3974
6500
4343
14978
7472
5352
16906
18068
18207
19710
5923
5274
4496
6817
4492
8481
2676
6587
7687
13132
17283
16055
16382
7381
17934
10063
16663
5637
18451
16420
8960
7502
16558
2762
9497
13224
17326
4911
5090
7844
17651
3904
13887
15731
11808
19709
6865
17186
19335
3008
19919
17453
15185
19401
17495
15859
3451
4982
11405
17099
9928
4880
12039
14662
12588
3438
5892
18315
18227
6832
13082
3246
12067
14791
10035
11157
11206
19378
6813
6056
15715
2983
14634
10971
15832
8925
17598
8961
13819
10496
12593
19250
18791
6355
6347
3929
11201
6552
17004
10624
5434
9093
16476
17289
13991
17233
14551
19197
10745
13067
19260
9253
8602
7041
16441
15884
7775
6201
17037
11776
13091
3836
11881
6502
18935
10393
16954
18750
11973
16809
3557
4134
9918
4422
6492
10347
4518
5227
13941
4751
5025
19912
17857
17238
19565
11093
12102
17182
16589
Comparisons: 26665, Exchanges: 6689
