416
2799
8642
7502
2080
2946
8028
2189
5631
7156
1975
9898
2500
4306
7553
8609
8948
9781
3954
4322
4577
2378
9861
6528
6042
2419
4549
7900
4764
2457
9450
6140
9882
4773
7997
7442
3807
4799
5269
5942
3472
7795
7110
4462
7046
9628
5513
7403
5790
6379
7817
1879
3021
2828
6840
2929
5654
4184
3066
4445
5657
4879
6066
4158
2560
9771
3781
6467
3504
5531
3584
5654
4756
1637
6152
1722
5547
2922
8722
8351
8449
8955
5948
5406
1682
6550
6905
2638
8149
1914
4233
3518
8392
2627
1773
4799
3802
5048
5028
3519
5256
5195
6071
7329
5569
3441
8020
5910
2669
6707
5521
7889
8877
8900
8006
9074
6441
1651
3013
1663
2852
8420
5363
2072
3581
6215
5200
5460
8234
3781
6163
6266
9152
3748
7295
3958
9823
5973
2216
7992
8707
7382
7396
4183
3620
2039
1831
1591
7883
7906
5990
4026
2290
1828
6143
3319
6052
9641
3781
1844
3001
8849
9580
6259
9556
6310
3513
1974
9457
9196
9080
8656
1718
6510
7369
1600
7623
9570
6466
4279
3097
8853
7579
5095
1658
7629
8809
4996
8751
7348
2350
6055
8760
5040
6784
9894
6048
4964
5897
8955
8829
5201
5788
3871
4771
1929
5079
7750
3544
6978
9128
6709
7058
4269
2130
9476
5028
1943
6447
2649
3360
7037
9536
7548
8744
6340
2435
6358
8505
2374
7210
3392
4850
8975
2423
5275
4945
8551
3459
2155
3632
2040
4361
8283
5097
8195
4107
8706
7130
6435
5814
9532
4611
5211
3587
3258
9782
4321
1757
1594
5337
5782
3142
3418
4366
2427
2015
7205
2202
1946
4231
7742
8306
2451
5142
3460
7049
2604
3515
5361
8691
3041
4543
3766
4647
8285
9038
1976
6334
2359
6002
6473
8398
8426
2136
6241
4348
5688
3809
7241
5108
7949
8834
6604
5492
7284
4512
8414
7738
3855
8328
6272
6199
4403
2245
2459
4960
6229
7196
8509
9730
6585
9573
3510
5769
6413
9572
9271
4351
5873
8506
4079
2936
8443
6498
8985
5946
3894
4700
1896
4680
6929
9925
7260
9803
6688
7194
3775
5522
9863
3414
8435
3812
7892
7564
5218
8528
9536
3751
5141
8691
8418
6516
9779
9673
5035
2972
5294
8692
7344
7613
2998
5879
3904
5970
5176
3027
9080
6746
7857
9261
7881
3656
5596
3804
7779
7490
6287
2471
8141
4684
4476
4979
3257
2491
4470
3912
9145
8811
5031
2089
9136
1905
1789
7529
8596
8203
8376
9280
3552
9495
3388
6872
8549
4241
6547
2477
3945
6246
4225
7639
Comparisons: 746, Exchanges: 263
