166
8797
8621
9069
8812
8342
8251
9471
8787
9315
8591
9205
8527
9014
8573
8819
8246
9398
8392
8893
8799
9214
9817
8440
9909
9369
9367
8960
9040
9188
8492
9761
9588
9388
8629
8570
9203
9878
8944
8260
8953
9363
8762
9463
9806
9933
9471
8630
9622
9753
9366
8759
8475
10000
9646
9312
8301
8207
8731
9244
9006
9778
9437
9349
9886
9192
8233
9174
9819
9639
9463
9359
8988
8406
8388
8692
8777
9181
9119
9239
9346
8733
9382
9245
9514
9624
9802
8468
9796
8467
8988
9001
8393
8554
9561
8716
9115
8328
9812
8747
9523
8323
8435
8696
8862
9730
9343
8907
9768
8884
9727
9649
8650
8698
9962
8235
9225
9509
9393
9098
9536
9854
8406
8803
8913
8574
9568
8227
8342
8249
9355
8361
8259
9946
8716
9700
8508
9271
8861
9874
9413
8831
9137
9248
8465
8473
9386
9471
9548
9980
8555
9405
8415
9839
9888
9456
9781
8740
9359
8784
9394
8688
8865
9286
9703
9543
9238
9719
9325
8436
9329
8350
9896
8555
8450
9767
9543
9738
9299
9198
9670
8381
8678
8339
9279
8641
8403
8267
9705
8940
8797
9230
9713
8390
8239
9705
9186
9753
8542
9532
8915
9695
8736
9714
8918
9694
9371
9550
8477
9831
8399
8371
8808
9386
8365
8662
8281
8897
8329
9431
9228
8690
8381
9168
8703
8873
9567
9802
9578
8483
8451
8817
9625
8892
8486
8708
9737
8247
9926
8616
9285
8249
8494
9587
8451
8606
9731
8497
9535
9953
9751
8373
9482
8852
8676
9209
9641
9285
9901
8730
9083
9503
9889
8872
8967
8815
9991
8317
8691
10000
8257
9777
8615
9683
9993
9185
9086
9144
9165
8726
8429
8398
9155
9583
9597
8979
8970
9708
9155
9524
8619
8748
9709
9356
9294
9621
9407
9053
8634
9210
9108
8842
8920
9297
8329
8741
9660
9010
9274
9426
9451
8947
8313
9775
9101
9569
8238
8353
9586
9333
9817
9897
8320
8762
8809
9053
9930
8346
8767
9642
8233
9665
9959
9930
9789
8339
8582
9543
8599
9189
8467
8878
9373
9730
9521
8713
9838
8338
9200
9413
8864
8741
8403
8969
9397
8224
9168
8612
9030
9857
9672
9804
9205
9341
8426
8847
8754
9096
9145
8672
9587
9547
8894
9916
9836
8390
9235
8658
8386
9706
9138
8318
9264
9557
9063
9192
9297
8801
8407
8571
9441
9487
9465
8710
9344
9762
8788
8434
8316
9523
8580
8224
8388
9865
9961
9599
8230
9243
8721
9169
9715
9047
8629
9115
9373
9872
9319
8678
9641
8427
8970
9387
9782
9420
8892
9679
8249
9662
8595
9433
9851
9616
8834
8626
9834
8610
8581
9212
8705
8940
9946
8742
8665
9976
9078
9161
9645
8717
8307
9965
9427
9439
9404
8384
9245
8504
8394
9979
8290
8278
9214
9938
9812
8751
8429
9907
8952
9349
8368
9064
8227
8235
8874
9574
9669
8988
8245
8291
9572
9608
8839
8894
9125
9284
8704
9122
8971
8620
9359
9171
8876
8402
9663
9780
8703
8450
8994
8966
9183
8928
9950
9968
8267
9252
8501
9720
9590
9654
9552
9778
9741
9362
9182
8610
9998
9440
9725
8922
8394
9669
9157
9480
8408
8383
9722
9086
9203
9541
9460
9915
9782
8288
9825
8947
9271
8873
9441
9943
9146
9662
9958
9621
8599
8541
9315
8394
8636
9105
9900
8217
9915
8444
9051
8987
9834
9427
9475
9547
9297
8853
9542
9837
9358
8794
8558
8340
9809
8808
9387
9707
8757
9885
8409
9842
9647
8422
9405
9135
9554
8660
9865
9231
8873
9106
8688
8937
9753
9645
9973
8596
9934
8876
8317
8746
9267
8386
9436
8830
8613
8286
9424
9254
9717
8248
9484
8831
8781
8508
8229
9678
8874
9308
8709
9610
8786
9211
9590
8640
9435
8948
8251
8578
9143
9688
8418
8574
9636
9260
8352
8692
8455
9608
8713
8719
9984
9763
8393
8577
8717
9071
9026
9411
9810
8416
8573
9237
8772
8955
8234
9233
8921
8510
8821
8568
9630
8744
9669
8571
9694
9407
9916
9555
9958
9978
8809
8263
8922
9192
9033
9541
8597
9316
9805
9133
9223
9811
8907
8602
9082
8749
8792
9054
8938
9615
8491
9874
9493
9169
9651
8928
9392
9537
9445
9900
8247
8730
8996
8611
9194
9083
8562
8786
8468
9040
8962
9821
8339
8876
9396
9611
9053
9344
8544
9348
9918
8513
9456
9300
8334
8981
8372
8271
9874
9452
9594
8443
9445
8442
9678
9575
9212
9348
9828
8546
9669
8354
9762
8238
8439
9387
9807
9026
8251
9081
8213
8349
9799
8534
9145
9307
9763
8896
9172
9556
8922
8326
9209
9420
9025
9287
9015
9782
8936
8852
8934
8285
9600
9652
9004
9172
8642
8812
8249
9239
8974
9799
9798
8526
8781
9034
9973
8819
8903
8835
9286
8688
8999
8444
8830
8260
9831
8911
9740
8581
8670
9999
8762
9940
8401
8577
8432
8472
8790
9277
8968
9268
8923
8541
9678
8928
8809
9808
8317
8640
8622
8210
8770
9667
9457
9757
8415
9325
9608
8564
9397
8730
8903
9478
8334
9738
8264
9683
8822
8257
8853
8656
8614
9293
9112
9585
8824
9684
8230
9476
8776
9218
9369
8398
9743
8975
9112
9518
9698
9154
9134
9481
9326
9164
9695
8766
8681
8536
8580
8688
9250
8977
9662
8349
9369
9276
9908
9504
9938
9328
9208
9374
9145
9449
9924
9583
9137
9697
9240
9888
9072
8611
9553
8301
9921
9897
9667
8672
8995
8467
9493
9366
9409
8843
9000
9407
8984
9410
9013
9391
9184
8554
8743
8664
8547
8842
9044
9934
9158
9832
8802
9938
8947
8488
9272
9124
8428
Comparisons: 12256, Exchanges: 7272
