2401
6250
6882
8345
3424
7786
4675
8891
5514
8072
8816
8892
8503
7900
5681
9234
9836
2915
7939
9756
7966
8762
8707
5460
8699
3845
9687
9822
9125
8061
8911
7207
3596
7376
5716
6689
7152
8104
6282
4199
5340
5448
9578
8441
3625
7413
9237
6342
6385
4563
4575
9761
3224
7874
3654
5102
9760
8782
5273
4269
7618
3460
6795
6509
8625
9554
4699
7195
3866
4771
9168
8637
2800
4504
7880
3707
5290
5076
4141
4311
3386
8816
4265
7115
7641
2854
4662
3746
3867
9773
5336
3561
4254
3746
7323
3831
7818
4909
9563
3309
9091
8020
8936
4989
4098
9946
9328
8954
7575
7287
7022
4624
9058
8773
6279
3075
3132
6378
7785
8017
6489
2767
8038
5687
7984
3198
9333
2781
6666
7486
7436
8777
5646
6896
3374
6114
8673
8404
2771
5296
5147
7430
8797
7018
4089
3709
8100
5303
9151
9714
4264
6050
9007
8681
8745
6062
8731
4760
8603
3553
3934
9951
7708
8038
4306
4277
3503
4735
3423
7778
8456
6483
7990
6530
7676
9540
3888
8170
3497
9123
8991
2999
8839
6538
3933
3804
4381
4121
3079
4146
7003
4243
9320
4550
8646
9742
6299
8633
5786
6305
2836
5898
3106
8003
7834
3146
5091
3246
5221
4339
6207
6236
8734
2828
6155
6843
6048
5389
6645
7616
8305
2717
8358
3777
8499
7269
9356
7894
8861
7966
7025
6697
3378
3332
7399
5095
3899
9915
9480
4407
4344
7695
6961
5099
4348
4640
9692
3332
6231
5759
6893
9233
6643
8167
4119
4112
6048
5350
7125
3528
5172
4429
7323
8354
9351
9184
7089
6258
5795
9464
8441
9412
9139
7630
8803
8610
6087
7399
4806
9501
4850
7556
5518
7985
6471
9550
3413
9547
8220
4788
5521
4183
3511
7787
5375
7198
5165
7338
6052
3992
5318
8768
3762
4496
9481
3148
4511
7661
6920
4033
9197
5422
3516
8643
3169
3891
3679
4351
6956
9825
5245
6603
9353
8853
7638
7568
5781
6857
4644
7506
6917
5058
9885
6442
7953
5663
6901
5529
8027
9827
3505
5402
6590
7877
4588
3255
4169
4772
6031
7572
6914
8322
3532
8212
3103
7267
4405
5946
6076
4942
7289
6608
2955
3530
4330
8280
9108
5578
4668
5661
5832
9614
8484
8110
6769
6646
3405
9986
5189
4632
6041
9317
4073
4173
9498
8385
8245
3450
5426
8341
9870
6217
7055
8595
6972
3501
4085
5243
8905
8377
7508
8553
2838
3435
2721
9008
8970
6527
5568
7456
7312
9656
9903
4069
9132
7947
3315
2811
3084
5156
5825
7935
4367
8920
6251
8178
6960
5900
3475
6940
3387
7023
2775
5368
3976
7524
5317
9612
9706
2948
2977
5976
5287
7344
9856
3257
5775
3277
9306
4100
7250
2970
8788
8202
7196
7211
3298
8350
9192
5327
7660
9619
8529
8138
8016
5500
4107
4471
9976
7905
6797
7476
6047
7959
6549
2849
9813
2866
4625
8328
4167
6801
7771
2897
7748
8362
4804
6108
3603
7615
3918
9643
9669
6413
5444
4650
5486
5200
5000
6691
8125
5435
3809
9304
7753
3626
7852
3877
8926
3190
9753
9755
5574
5929
8123
3910
4219
8127
8095
6915
5407
8691
4155
4915
2879
5173
4618
6668
5416
8713
8892
2876
7088
4973
7363
7460
4354
8445
4326
7392
6616
9758
2863
6246
3993
6994
8379
8860
5837
5838
3813
4051
7418
3901
3795
7371
8882
9604
5249
8857
4673
8722
6103
4740
6624
8632
8987
4779
6798
8374
3545
3005
4545
7079
8608
3804
8841
3102
5037
6148
3822
3848
7808
5022
5791
6184
6192
9477
4383
3601
4176
6042
9866
3811
4549
8879
5996
4227
5714
3043
8751
3901
5330
5759
6716
2844
3857
9541
6857
6495
6396
9953
7993
5434
9988
7210
7956
7583
6941
6825
2877
3437
6785
3599
2897
9738
9818
7471
8347
7999
7976
3749
7651
9873
5702
5063
5971
6788
3233
7568
7301
3591
7435
4800
9986
8586
7202
6573
9575
5939
5948
8069
2878
7048
5396
7846
2857
7804
8714
9401
6106
7173
4908
3182
8957
6894
9977
7070
8679
3545
2924
7581
4950
3958
8783
7880
5620
6595
9966
4030
3176
3623
9954
3096
3345
4517
7073
5321
8403
3431
7593
5379
8887
9172
6069
7150
7698
3173
6158
2890
4075
5001
7014
9650
3643
2990
7164
6390
4952
3004
5554
5768
8676
9930
9082
6977
7591
4154
8536
3592
2746
7718
9109
4185
7374
9676
3380
8398
8979
4149
3814
8035
6581
7710
8452
7624
4961
4138
3572
7385
5856
4690
4811
9593
8642
7634
8323
5779
5285
3024
9266
8701
8079
8620
7422
2922
5524
9670
5394
5993
5869
4849
8073
3684
9016
8677
2937
3349
9210
4794
4011
2832
6829
6560
8060
8535
5307
8408
8058
9229
8393
4886
4880
4967
8453
8779
6856
5692
3383
8915
4725
3482
6835
8353
5386
8356
8833
9226
5039
6025
6081
7455
8424
6330
6303
4789
5841
7667
2813
7212
5963
3067
3097
9010
3015
9453
8401
6329
4157
8093
7944
8076
6710
2993
3238
6951
9844
6167
6225
3556
8711
6834
8719
5264
9167
2938
9400
6773
6433
7479
2893
9028
8525
7891
8932
7669
8683
9733
7607
4375
3562
9313
9434
6715
3364
3532
2734
2829
5257
5047
5810
4211
3598
7875
9878
9917
3783
9750
7629
3967
3750
3734
2723
4818
3890
5240
3947
9566
4380
5276
5921
3066
6885
7356
7742
3828
6964
3984
3341
5201
7664
8071
4897
5804
6812
3957
7107
2799
2919
6295
5806
5150
6665
8480
7709
4666
7531
5127
6861
8494
9131
5820
6069
7970
6054
3999
7688
4387
6173
7308
9928
7382
7043
5131
4709
8104
5757
9564
8740
4886
5324
7705
4896
2918
4115
2774
6506
2826
3058
8513
4935
9046
8914
4713
3837
3120
7977
2891
6198
9890
3878
6848
8117
5311
3407
7020
9056
7576
3199
7693
5824
7024
4827
4999
6366
7823
2861
7170
6061
9695
6560
2820
4352
5686
4776
4063
4729
7645
5617
9082
6741
6578
8146
7518
5194
8424
8294
5215
3563
3259
9393
6611
5945
4218
9461
6844
4800
4959
3985
7997
3731
8271
6431
3752
8410
4039
8381
6238
9502
8074
6779
7807
2871
9023
9370
9660
6111
3807
5648
8935
5923
3476
5225
5893
5492
4221
7124
7862
5769
4521
3796
3636
3101
7442
6050
9932
3977
6531
9175
8472
5922
9786
3112
6583
4298
5093
7002
7317
6386
5911
3744
5469
4798
9774
6654
4488
3358
4413
6462
5235
7090
9863
7510
6127
5824
6360
5152
9169
3996
9912
9558
7841
9796
3160
4184
5020
7557
8771
8996
2797
5177
7859
4554
7181
6682
8514
7261
7885
5432
8045
6356
3429
8063
9307
6098
9385
9319
7633
4555
8489
3311
6589
4054
9288
5573
8293
7922
9300
4539
8162
8844
3052
7236
9392
6444
3898
9199
3361
9580
2989
8910
3440
9441
4267
7798
3663
7860
3834
9088
3851
3671
6065
6388
2987
8512
4613
8757
7986
7791
5169
5171
7795
5184
6983
3044
3122
4080
5617
8113
8077
4703
4499
9248
5178
3579
7908
5190
5089
5067
5719
9295
8008
7193
5604
9135
9477
4595
5032
6704
7637
6717
7006
7799
4329
3317
2716
5756
4347
5083
5631
3163
6341
9499
5310
4791
2934
4314
8648
4432
6009
7112
3936
8310
9500
7461
9152
8896
6143
5642
3144
3989
5823
9560
4766
9587
6364
7793
9571
4092
2972
3129
9224
5508
7128
7199
9524
3401
4271
3673
3609
6591
8725
4710
6349
7130
9549
3181
5649
4553
4970
5567
8863
4898
6503
9901
8765
4589
9422
7052
6791
4574
9528
4754
7283
5558
4521
4536
4455
9942
4328
3186
9696
8051
7800
3263
9978
3186
5248
6655
8566
6253
3240
8222
5216
5990
4929
4249
6300
8732
7106
6408
5878
9227
8663
3399
4495
9403
5675
9998
7767
7807
8666
6769
7185
8818
2889
6571
4830
6979
8849
5370
8900
2881
6804
3266
7553
9967
5245
7361
8466
9475
8683
5137
3778
8382
8164
5252
3149
9330
5997
5594
4868
6851
5103
3646
9686
3571
5414
8145
8049
4007
9882
2884
9996
5478
5988
4764
5789
4401
4660
4604
6334
7319
9139
3081
4461
7258
3468
9894
3526
8672
5729
9777
9611
6167
6987
8815
3062
4234
6109
6612
8438
2904
8658
3545
3681
3770
8909
6599
5223
9195
3230
8243
5986
5019
9212
8714
9788
5965
3978
5038
6956
5636
3577
3495
7491
7946
6550
8190
8821
3106
7208
7329
9845
8474
4723
2998
8130
5797
4445
4583
6666
8589
4912
9158
3228
5867
2958
4443
7679
2856
3766
7189
4512
3279
8320
6261
4957
4874
8020
7010
3389
9544
4416
3477
6613
6024
9160
8418
5200
9146
3619
9683
7077
9208
4975
9752
3728
5745
7451
7590
7116
8229
8357
9931
3674
3442
9754
7675
3271
6347
3724
5095
5052
6436
4500
9607
5343
8933
5497
9908
8351
6215
7660
6981
4951
5942
8912
5632
5559
9510
5420
3302
6397
7948
7945
4369
6601
5619
4561
5690
5981
6248
9999
9246
3346
7713
8446
8312
8218
9092
7623
8689
6157
5399
9969
7978
6344
7992
5532
6564
4651
4973
2928
4194
4406
8001
4379
4498
4925
5388
5481
6842
8763
6295
3607
3168
3029
8889
8102
5501
8874
9934
7866
8622
5226
3062
7011
3723
2738
5477
9173
3735
3823
3963
5802
9423
3195
8191
3693
4658
3268
7035
5809
3222
4142
6758
9265
4846
4916
3337
7352
3362
9869
9272
4088
3794
8787
7309
8185
5447
9002
8857
8668
9387
4616
7521
8451
3757
7350
9424
6104
8450
9363
9473
2912
8434
3118
4528
9937
7185
9735
9236
2757
4382
5120
9467
8952
5844
9163
3638
6671
8850
3366
8227
3448
8969
7625
5829
4770
3223
5799
3303
3824
7822
3472
3764
6685
2963
2966
4131
6965
7513
6824
9440
8961
9205
3100
4746
9610
8423
3327
6422
3016
6864
4438
7824
7316
9573
7757
6728
8505
6445
6846
4931
9694
8161
7617
8835
5531
5155
6897
3789
7123
5274
3732
9045
8755
6928
9945
4771
7564
6588
4877
6323
3188
9726
8234
5560
3196
6497
8241
7452
9679
3018
6184
6398
8189
5539
3291
3136
6257
5702
5465
5788
4336
8040
3457
3523
5482
6724
3487
6908
4048
6916
7102
7776
8214
3581
3689
2942
6669
4603
4726
6182
3667
3281
8151
4055
5788
5187
5801
8390
2926
7111
5576
8233
7821
6326
3205
8317
8556
7138
9006
9256
8057
9833
4049
6137
7289
6750
4546
3389
7657
3990
8191
9675
8538
9360
5780
9925
5232
8226
4414
9373
5100
9517
8477
5442
7303
7320
6116
3864
4433
9681
9389
6557
3692
4519
5615
4417
5222
5441
5920
6734
9411
9640
2868
7389
7761
3498
9599
6172
2839
9044
5405
5796
3225
9034
2733
7550
8175
8802
4892
8961
6852
3938
8458
5903
6327
7987
8953
5112
6224
5646
5967
9482
2753
6458
8875
4302
8842
6096
7225
4943
8203
2777
3189
5943
6188
7407
9645
7531
7488
4570
7041
8040
9180
9739
4106
9940
5484
6555
7449
6429
5237
3368
9697
2909
3445
4045
4925
5035
3622
9051
9505
4468
7589
8427
5144
9198
3409
3587
4129
6866
8367
8491
3917
3037
9211
3653
8727
7620
9276
8925
4148
6039
8558
6372
6255
7412
2980
5670
5957
2808
7598
7058
7167
6485
6423
3782
5649
3011
6539
6459
9164
6267
5066
5459
4985
3247
3687
8410
3506
4738
5378
8007
7162
6531
9732
4796
3134
9667
8700
6597
5197
6909
4202
7042
5172
6508
4287
3292
3827
9013
5278
6749
7759
7585
6450
8973
5053
3204
9369
2991
4836
6555
4393
7553
9153
8727
6375
5891
9047
8603
9783
4726
5888
5259
8248
3964
3441
5453
4923
4168
6722
2729
3681
3567
6352
8251
5907
9094
6567
9138
6407
6145
8696
8265
3527
5711
8981
9018
4094
4546
5209
7140
2740
5033
6251
6628
2867
9089
5579
6552
3111
6855
7072
4311
8269
9220
7750
8822
8578
6634
4821
4324
3326
4206
5621
7619
3887
7335
3872
5555
8365
4389
9684
9803
4869
7836
6594
3775
6152
8144
2905
9485
5410
7030
4525
8084
6849
6121
8099
8508
4334
9121
8555
7745
7706
8137
4469
9144
8396
2793
8715
7410
6085
6660
8232
8340
6183
7962
7505
4941
4327
3469
6101
9911
8476
4132
4657
5271
9657
8237
8945
9004
8930
3552
6229
4360
9103
6459
8432
4550
8963
9373
9057
3487
7068
9052
7758
2981
3922
4402
4260
7901
3273
5705
7355
3854
5950
3255
9715
8389
6782
9410
7396
5698
3884
9826
6118
7294
9888
5185
8624
4747
4463
7504
4637
6493
2931
3581
5877
7727
9771
2851
5181
3970
6498
4361
4627
4120
4117
3657
9166
8702
3739
5990
4420
7336
6486
6963
2849
7813
5345
6860
6227
5794
7797
5553
8367
9071
4533
6301
3110
8547
4246
5959
2862
3087
6447
7346
4920
6040
2714
9864
8565
5327
7689
8560
7472
9538
8204
7001
7169
5843
8742
6717
3064
9308
3033
4376
3983
9893
5851
3645
8492
5549
5657
2933
6335
9949
7156
9847
4706
6205
6928
9534
7733
9737
3656
8695
9557
3869
3942
5585
4656
9102
6570
9255
8343
8592
5166
8051
3640
9849
6202
2740
7143
6989
6178
3192
3712
3060
5772
6862
6787
6568
4052
4645
8019
9290
3896
8528
6004
7136
2719
6871
5782
7614
9271
6582
7726
9872
8297
7820
6141
6364
5220
8766
8678
3197
8207
8426
3483
9919
3785
7979
5279
8704
9955
9471
7214
7108
7919
9995
4145
8564
8735
6045
7203
3330
3549
2709
7188
7421
4386
7882
2941
5600
5065
8526
5464
7234
5598
3045
4686
5758
3573
7108
4187
3000
9349
9688
7138
9457
5151
5854
4337
4937
9637
8295
7522
8572
7242
4576
9798
4815
8417
3357
4204
4252
4310
5892
7317
8656
3727
6561
3140
4143
7334
4932
8428
8532
6934
8129
3351
5776
4047
7902
7854
8112
6090
9855
6586
8394
3496
7168
7952
9597
8448
3861
9823
2968
4363
6752
3881
7811
7719
9020
5808
4485
7611
9599
6874
5239
4435
6234
6551
3742
6448
4619
8560
5732
7370
9636
5084
5951
4611
4392
9064
9303
5489
9562
6819
8163
9843
4854
3153
9053
6194
7663
8210
4918
5134
5668
5123
6192
6572
6778
4858
9531
7988
7233
7801
6882
4426
7273
7121
5913
7383
8571
8887
3589
6368
6708
6124
6759
3469
9799
4161
8289
9334
5078
7450
5233
7153
6933
7686
9972
8444
2798
5440
8133
8767
6541
4313
4824
8946
6965
2883
5463
4722
4192
7129
4696
8822
9191
8521
3934
8361
8420
8916
3484
3542
8611
5211
6607
9011
7351
9147
4239
7653
7017
5511
8274
7730
2783
4948
9048
8049
7204
2950
3138
5027
6620
8216
5081
7724
6174
3219
8941
6972
9689
5640
3606
8584
8159
5872
7868
4025
9853
8614
3417
9883
5965
9665
7787
8221
5699
5352
8738
7444
6417
7668
9397
7918
3987
9508
6850
8336
8153
9183
4030
8193
9857
4949
7963
4168
7770
4992
9910
7627
8260
9112
9076
9730
3394
7369
5495
3716
4509
4352
3843
2780
8480
8135
4061
6480
8325
2722
9840
5244
8285
9690
4137
6939
7532
9297
2758
5748
3069
6071
5550
6400
2768
8604
9596
7086
6968
6095
3413
4962
9181
9914
4501
8455
5977
5530
6780
3027
5666
4237
9939
6021
4807
7496
7586
8326
8951
5863
8471
9024
5437
4930
7844
6501
2711
6351
7235
9534
8332
9268
6810
5145
9107
9327
3072
9359
7593
7149
4489
8867
3726
7465
5885
9514
7492
6403
4255
5088
7815
6317
3216
6425
5383
9242
6790
9359
8644
5840
9380
6398
4497
2942
9523
6988
4938
3973
7769
6060
9528
4400
9274
9184
2781
4732
8097
4890
6476
8500
3931
4974
7343
9699
4689
3907
5192
9617
3326
6044
5918
9575
7444
7582
7702
8168
5288
6781
3786
8830
4743
5175
5104
6099
5110
9474
8749
9515
6472
6577
8721
5741
7995
4023
3626
5085
8808
7950
4286
3406
4996
3741
6154
4704
8179
7297
6991
9598
5005
5013
8033
6096
6139
4905
4126
4110
5373
6771
4582
3803
4012
7833
3262
7151
2718
4034
4124
3463
3301
4536
4577
5814
4472
9447
6457
6657
6822
9413
4571
6159
4640
8230
9830
3713
5834
7339
5231
8110
8661
8818
4593
5936
6132
7704
8244
6454
3537
9417
4608
4567
6265
6768
3287
7889
8421
7713
7148
8359
9367
6710
6970
2784
8748
9835
5733
9997
9176
7352
3907
3340
4022
9750
6868
6037
2834
4863
6505
4107
3894
3719
3211
8851
9800
4769
4332
3394
2755
3056
8044
6358
4526
3282
6307
7697
9979
6066
4303
3338
6585
5818
6700
5080
4979
5339
4118
3799
5855
2869
5424
6093
6463
3524
6576
2920
7485
7066
8861
6307
4109
7674
7873
6013
8134
6903
7831
8794
2988
9252
9520
5736
3588
5401
8313
9629
4840
7712
6575
6272
4907
5597
5862
9346
9791
4003
7659
2820
4267
4885
4216
5309
8577
8629
6955
9425
8195
3515
6537
9682
6627
6254
4741
4208
5919
9792
9371
3251
6579
9012
8968
7892
7666
8778
9958
9707
7907
9316
9851
4631
5798
9323
8471
6684
7059
9944
8576
3420
9602
7680
9677
3419
6073
3269
6950
8780
7991
8433
3012
3339
5070
3597
7243
3884
6926
6573
9187
7958
7917
5079
7409
4766
4058
5043
3695
2816
6701
7847
4901
4000
7379
7514
8921
4672
7540
4871
8054
6125
4082
8098
3490
3105
9780
6545
4819
4585
9924
3937
4630
3179
5853
7361
7928
4670
9215
5269
5179
5552
3410
4779
9296
9073
3847
4944
3202
4448
7758
9270
3012
4019
7157
8174
6007
2921
6707
8034
5281
9937
7299
3474
8865
3879
9749
3578
6841
6059
6430
8545
4552
3214
4458
3304
7299
9000
3541
7298
8750
4178
9633
5830
4539
3200
4081
3445
3875
5672
4237
5472
2824
9874
9722
6016
5254
9716
5721
7286
8612
4981
3300
7652
6337
4484
4503
6244
7603
4014
7733
6168
9595
5261
5377
9017
4343
6223
4917
4308
6975
3363
4009
4895
6288
8303
4195
3460
5367
5953
5720
4683
9204
5071
3164
8988
8639
9613
5129
2885
3280
5314
5475
7219
3253
2944
7577
6789
7176
4465
9015
3798
6777
5074
7349
8256
8753
9710
8660
5499
3235
4150
6632
5568
4013
9284
2870
6918
3244
3209
6767
9154
8180
3925
6491
8724
3086
4792
9294
6434
8091
2851
7530
7887
9831
7205
6027
9128
9897
3531
4399
6873
3089
7417
9075
4994
9161
6729
9727
5969
8811
3479
8290
3673
3057
2726
5282
7685
7304
5755
3031
2956
6287
5513
8281
8065
4944
6163
6481
7397
2979
8791
4443
6652
3614
4737
8626
8792
5212
9865
5614
8375
3988
6892
4222
9670
6043
5120
5764
4513
9426
5817
8664
7699
9113
7796
6305
7464
5879
4145
9155
9854
2744
3657
6466
9184
5466
4598
4968
5396
8315
3304
6117
8316
6811
4302
6089
8108
7925
7057
6119
7439
5183
6140
4302
3149
8854
7218
6082
3664
4233
3133
9200
5984
5138
3590
9087
4480
9111
6313
3359
3701
5902
8977
6311
9425
7221
9453
3355
3628
5665
4654
7646
3946
7502
5292
2823
5785
8982
3951
7256
8309
7536
3316
6678
9626
6014
9503
2731
4440
2913
3649
3715
4441
8543
2730
9586
6415
9972
9239
7165
7816
5124
9584
4782
6452
7373
5749
7600
7093
3416
8598
7538
8011
4601
9664
5146
6277
8937
6094
3283
4831
6078
2959
8032
7364
7485
8670
5437
6969
6297
6679
3551
4309
9154
7026
7566
8832
3003
9250
3779
4195
8956
8541
8769
3002
3655
4714
7091
7098
7974
9991
4681
2737
9748
9805
7100
5318
6036
9621
6402
5502
8770
6395
3293
5379
6128
4860
4646
6580
6058
8184
9043
8744
4638
6011
8475
8089
3548
8593
8551
9065
9241
7781
9947
8813
6338
6677
3670
4579
6165
3519
4050
5793
9685
8650
4541
2730
2752
5866
8593
9693
4122
6204
3620
9399
6584
6062
6636
3962
4454
7306
8805
8788
8698
4007
6260
7640
3817
7209
8024
6514
6315
2908
9362
8022
9718
3461
3161
3974
5995
5536
3125
9277
9439
8031
5213
9341
3433
9616
5576
3568
7159
9984
8210
4870
4832
8286
6803
5708
5421
3410
7437
9217
8784
8264
9776
8655
9526
7692
9820
5857
3502
5286
2858
8662
9258
4751
4041
5695
7671
3909
7585
7101
3772
5734
7267
8459
4578
9409
4074
7743
8706
9091
4586
6401
5904
2973
7888
4584
6945
8262
7327
4482
6241
3787
6090
5417
5715
8479
6272
3356
2828
4160
6723
8903
5592
6910
9689
7016
8669
5925
6920
9511
4851
9766
5016
7564
5186
7377
5154
5561
9720
9406
6271
4191
5728
9763
3538
8335
4840
6353
5858
4449
7500
7480
7965
8989
3788
8083
3157
9274
5333
6720
8688
7305
4213
3853
3608
4566
9532
8938
9285
7012
2726
5928
5611
4609
8833
5722
5725
2725
8372
8775
3008
6921
4845
3040
8899
5827
9821
7406
9712
6991
7244
3028
5403
8597
8880
9177
7063
5256
7949
3412
7220
4848
8786
8487
8923
6197
3544
6653
4113
6553
9134
6416
2822
7602
4090
8578
9887
3888
3236
3971
8616
5813
3827
4660
3886
3180
3210
4972
3913
3536
5063
2932
4602
8109
4349
5062
7120
9564
4701
4564
5210
5315
8563
4331
6623
7695
8449
6774
4037
3948
4103
5821
7655
6189
6179
5479
9770
5961
9494
5974
9606
9649
3288
9591
5335
5353
5471
7092
5874
9646
8463
4039
4745
6900
4410
5236
9869
2739
4029
9100
3979
6414
4209
8115
8619
3874
4919
8470
4427
3176
6754
2913
2789
4134
4159
3533
5680
4558
5589
5748
5129
8901
5419
4759
9491
7065
4478
5116
6331
6068
8015
7037
7784
9353
9891
3116
8758
5204
3485
8634
5958
4821
8554
7549
6510
8682
5935
7735
5973
7062
5717
2875
6735
7253
3540
6279
2786
5544
5546
5839
4179
5293
3454
5938
6449
5845
3036
7132
8370
4279
5490
3846
5139
3575
9747
9455
7533
5164
3802
5364
4334
7608
3155
9861
5431
9260
9344
3666
6852
5015
6954
7810
4250
6208
9522
6674
4677
5694
7206
3882
5588
3595
9767
4739
8709
6839
2954
3951
5883
4102
9807
3305
5006
4177
5085
7049
6133
4190
9915
3172
4647
7910
5114
9081
6692
4436
4317
6766
7547
7736
5141
3250
5811
7326
4232
4290
6215
2804
4684
8036
2847
8493
7087
7197
3232
8408
3396
7375
8455
5503
8024
7232
3512
5917
3193
3348
8118
7414
7104
5161
3629
3868
3462
7982
3554
3826
3119
9442
2917
6015
3229
5263
9119
4636
5652
4507
3047
7245
8509
3642
4487
3269
8121
4655
5363
9309
9089
6110
5538
7061
5042
9402
8353
5356
9149
8504
5270
7727
5572
5819
3046
7276
9132
8252
6888
3564
8938
3241
7628
6349
9287
9060
9472
3822
6733
7606
9581
7774
3422
4296
5747
4696
8540
4292
9716
9126
5092
4002
7249
4418
4072
6175
3150
8462
3950
5926
6736
4838
9331
8198
5069
4388
5010
9187
3768
6380
9025
5249
4394
9772
5649
5393
5294
4705
6190
3751
8760
9331
9545
9533
7105
9632
5627
9066
8525
6511
5604
5026
4316
5946
5372
6135
3156
5046
6088
7817
4171
7936
8856
8601
2786
6737
5090
4883
9262
6523
3989
9504
4134
3107
2818
9710
7056
7216
5864
8343
6937
4066
4066
5765
8978
9383
9909
8271
9929
7172
5512
4365
4391
6221
3143
2796
9484
9201
3949
4494
4927
7772
5170
5413
8997
7596
8959
4816
6275
6304
6998
9329
5008
5585
7525
5068
7937
3801
6992
7739
3444
5323
7954
6263
2845
7969
8412
2795
5612
7858
8674
9267
4659
3343
7960
6029
4240
9862
3074
3604
5889
9989
8022
9229
6743
3895
7171
8980
6704
5009
3397
4457
8324
3065
8012
3913
9335
8875
6500
6887
6019
3504
9375
3958
9114
4376
8895
5358
4125
9674
5659
8807
9369
8399
4481
6522
7870
3996
8855
9302
6461
6006
8087
7321
5297
7302
4768
3038
8067
7711
9251
4958
9048
3733
8263
6998
4786
3792
5260
9725
7380
4021
5606
6597
6290
6558
7574
6659
6091
5952
4614
7327
5458
6156
4529
7845
5906
4127
7641
3593
5660
9466
4814
4945
8201
9428
7423
8740
7157
6038
5011
9949
4223
6785
6035
9165
6405
5812
7895
9143
3073
3683
8583
6394
8534
4881
5540
6889
6878
5664
8235
3844
3862
8384
6890
7929
5688
7295
6379
4451
3251
9219
7237
3696
9228
6346
5180
3968
8490
9179
9496
6424
8607
6032
7721
4289
7636
8058
4795
2766
5034
9673
9485
6237
9213
3652
6706
3208
7983
4688
5126
3418
8339
8878
5616
4687
7539
9590
9203
4300
7446
5641
9256
4855
8761
8150
2848
5991
4026
6673
7830
7475
8149
8004
3842
9654
5121
3615
7920
3931
5338
8530
8464
5684
3054
4543
3131
8955
3818
7117
6792
2833
3124
6872
6593
7368
3438
3479
7474
7029
7838
3006
4691
6456
8495
9125
6647
5163
6517
9310
8966
8297
8788
9941
9919
4366
9218
9215
9315
6596
4087
7142
3601
8516
3398
4014
5115
6384
6196
4773
8407
7348
4724
3499
8847
6484
6381
7957
9655
9639
9898
9906
8330
8159
7580
3095
8710
4086
3284
8465
6739
6487
7604
5643
5777
8333
6389
8314
9816
9727
4598
8055
2791
5498
4297
2770
3718
9438
5894
3759
8395
5743
8157
6698
4716
2975
8931
7762
8507
5593
3017
8566
2743
9782
3020
9398
6994
9264
4708
9542
7216
3009
3083
6370
7050
3620
5654
6817
5912
9488
8195
7686
7498
9001
3660
4981
9834
4749
6561
5059
9678
5667
6165
5851
3274
6606
3910
7706
3467
9794
5312
8096
9961
8247
8304
3258
5082
5654
7494
8075
8338
2907
6691
9318
7975
8684
2747
6387
8086
7119
7677
8277
4143
4866
7649
3123
6656
5783
8026
4706
5330
3943
2727
7926
9222
5563
4931
9608
5075
8308
3077
6339
7558
8975
3014
7227
9148
3048
5136
8844
5462
6357
2759
6200
2855
5626
9990
8279
3745
6881
8653
3983
6966
2971
3836
5430
7145
8762
5753
6000
7033
5994
3289
7359
5884
4024
5682
6392
3135
2745
2996
6144
9380
5204
5422
4483
9525
5709
7658
6959
3336
8894
6001
6293
3756
3310
3166
9539
6801
7612
2803
7163
7325
5883
4676
3494
5537
6614
7390
8877
6618
5934
2825
3725
7961
3374
4281
7271
4838
8207
6405
5983
3191
6898
8918
3322
7400
8950
6439
8009
8870
8596
5252
7251
6478
5535
9999
8581
4193
8156
2953
5262
5985
7467
7898
4248
8827
7073
6799
9577
7716
9936
7751
4505
3691
6018
8200
7523
3700
6314
8781
8809
5218
4611
6643
5018
3297
9800
6315
5691
4227
9196
9293
3128
5433
8644
4712
7386
9652
6948
5109
6776
3141
7239
6990
3286
9493
6203
6751
4172
9421
3220
8421
4742
4164
9118
9769
6913
3147
6791
8896
6650
4214
6174
7405
3381
6760
8997
3548
9913
8550
4934
9968
5607
3945
2927
9630
4591
7620
5778
3671
4762
5371
7387
3583
3290
2724
9905
5382
4828
5601
6863
9892
6074
4665
5522
6699
6827
5042
7971
7964
3516
8029
7854
4761
6919
4097
8250
3088
7144
3808
9450
6366
9408
4695
6268
2874
7749
7654
4947
6362
4900
6794
5342
7805
5574
6712
2790
9546
7647
9470
7649
6545
3584
4751
9124
9877
3389
7829
3350
7008
3926
8671
8693
4669
4988
7723
6756
4006
7190
4813
4362
3278
7294
9032
3114
8599
3957
6625
6807
5443
4473
3570
8435
5229
4083
9496
6114
6212
9519
7281
8239
6800
9957
3455
5707
5803
3728
9405
8691
6319
9921
9806
3897
7230
8539
6976
9516
3612
4093
8468
5834
4879
6008
6160
4980
9174
8746
6622
3373
6162
8904
4446
3203
3607
8141
5188
6428
6658
6564
4995
6325
5783
2975
8126
6199
6245
5517
9324
7741
3703
9642
2994
2800
3039
8946
3170
4844
5633
9450
9055
7360
7883
4355
8687
2817
8158
6536
4817
5348
3997
4833
8517
4271
8469
2754
5196
4370
5398
5268
8801
6083
6150
9958
6927
7516
6164
9034
4747
3763
9101
4474
9282
9849
3566
8259
9343
3678
4936
9448
4954
9386
5325
9459
6055
4890
8537
7930
6757
7354
2719
5428
6389
3646
4621
9388
4873
6984
3915
3508
2982
3699
4820
7076
6592
5098
9822
6877
6833
5941
8300
5638
6443
6018
8836
4757
9067
9202
4378
4791
3764
6605
6412
3774
9465
6074
9744
6820
7097
9934
5608
2789
4057
8618
7284
9357
9110
9468
6322
7078
7924
6602
8908
4062
3876
7200
7429
5896
5876
8430
5815
7891
8062
8635
7398
9292
6929
8799
8694
7828
9729
4284
9589
5118
3175
5882
5143
6651
3509
7147
7045
6806
8249
4241
9085
8569
3446
6477
9743
4064
2831
5988
5347
8771
9583
3382
8406
5505
4591
8621
7036
4230
4101
2713
4395
7835
4450
3458
7979
4460
6469
4282
9963
4077
8793
7513
3436
5859
6153
7579
4544
7790
5479
6516
7182
7043
7262
7047
5749
9983
3261
8101
4774
4808
6376
5487
9281
9457
8852
8436
4053
2860
9273
6468
6731
9254
6696
4422
6923
5436
9667
5678
9208
5822
5850
2804
3615
4710
7272
5198
9086
8169
3559
5931
5007
6333
6220
8712
8510
8173
9568
4617
3708
9348
2771
4573
9384
4700
2715
9943
5590
4524
6569
5545
6867
9746
8665
4682
3702
6553
8994
6539
7792
9037
6641
7752
2838
8973
5408
5350
9456
3643
3865
8680
9781
7028
4781
8501
4875
8300
3376
5304
6242
3312
3207
5024
9793
6680
7517
5493
7744
8153
3486
7642
5446
7252
4123
4799
7468
8122
6427
6709
7898
3425
7803
6105
7013
7783
4796
8278
6259
7765
5723
5317
9660
8743
3860
4911
7756
9608
4986
6543
8545
9643
3284
8282
2765
5472
8958
9428
3026
5234
4863
9072
4130
8014
9219
5766
3080
8737
6076
6355
5072
6754
7247
3921
3031
4990
4889
6080
8267
3974
8287
9633
6327
2801
8905
5094
6046
2711
3023
9237
8548
6453
4752
6840
8498
7381
5385
8949
3137
5132
9344
8478
9269
9233
6011
9795
7082
2963
6566
7955
5030
3676
7967
5410
5337
6885
4156
8905
7631
8718
8531
7563
2741
3333
3325
5584
6291
4718
5076
3605
7141
4633
4825
4321
3520
4485
7288
7851
6958
9469
9321
2772
4443
5910
4823
8971
4635
2925
7245
7825
3450
6932
5673
5294
3542
5017
9148
4018
7367
6086
4479
3220
8143
9059
2762
3535
9851
4899
6206
2986
7843
4568
9775
7911
3993
5924
9731
8722
7018
6687
7597
3320
7906
4398
8898
4359
9249
2928
9543
9994
2760
9030
2939
6262
8495
9129
6246
4953
6149
3103
4667
7863
7681
3402
5970
3995
8166
5456
7592
4506
8486
6359
5415
6465
4266
8923
6524
5845
4396
6502
7613
6947
3313
7307
5308
5540
4861
4623
9476
9039
8522
4597
9418
4676
8638
3668
6180
7994
8141
3507
7030
5255
3926
5003
6374
4275
7998
9039
8253
5280
9574
5028
7085
5828
7488
4059
9395
3212
6720
8675
4469
4428
7254
6869
9975
6626
4260
6977
9432
3465
7347
4876
5480
3772
8511
3030
3319
7265
3923
8352
6879
5274
9927
8283
5599
2929
4091
7981
4175
7740
6935
6312
5056
4542
5023
7240
7182
6420
7134
3720
5073
9899
6600
4627
4520
7842
6112
7814
8337
2819
5915
7340
8001
6023
7782
6645
3650
9080
6685
8132
5284
5002
5634
9338
3141
7839
6382
4587
3863
3200
7034
4516
7096
9337
7878
7050
5771
6265
6980
6268
7404
9700
8600
7569
5909
7729
7358
4035
2895
9070
8497
2964
2936
3837
3924
4397
3905
5998
9964
6403
6910
6360
7291
7655
4730
7443
8590
5356
5676
4594
9579
4325
8972
9548
2864
8172
6507
4909
7005
6269
8155
4437
4998
3928
6610
5213
5014
4205
3633
3226
4201
7065
8148
8402
9061
9280
4785
6744
5742
5713
6832
8617
8984
6808
8403
8929
3387
6847
5445
6534
6217
8182
6943
9707
7827
4198
6725
2810
4858
4913
9704
8881
6195
8320
3138
7860
3091
5426
8659
2886
9907
6727
3478
5718
4610
5526
5953
5932
7231
3651
9098
8481
8196
7177
5349
5938
8825
8986
9162
7528
3771
3835
6240
9391
6451
5180
6891
5868
5570
9189
5875
7595
5227
5562
9971
5653
5960
7266
3622
7074
5743
3510
7501
5636
3034
9240
5417
4231
8003
9253
5833
2778
4843
4348
5360
3478
3613
8316
4027
3042
8570
7099
7110
8869
8736
7503
6875
5107
3055
6746
4965
3906
4211
4292
6479
7154
8068
6895
9832
4599
8812
2769
8933
4731
4322
5468
7856
9142
6742
9170
2882
9783
3007
6187
4651
8627
5191
5726
6949
3071
2787
3432
7007
3248
7913
6122
3638
6533
3520
9876
8366
4242
3408
4373
9157
3174
3078
3912
3099
2764
5277
3669
8519
5547
7972
4442
4646
9021
7280
7701
9050
9007
4430
3517
4664
5301
3428
7679
6233
3367
9028
4671
8348
8080
7922
8574
4803
7254
7890
9530
5936
4158
8047
5739
3050
3021
5624
9395
5722
2983
9003
7273
7161
3629
7870
4971
8848
8580
7193
4643
7438
6211
5865
3353
6125
9245
7561
4531
4734
3800
3264
4607
2815
6130
8882
6859
6876
6925
3121
7754
4273
3850
4044
3294
9603
3829
4245
9444
2985
6474
8846
7411
7635
5112
8990
3089
5471
6490
5735
8717
8102
9880
9182
5425
4188
7738
3793
3272
6264
8447
4412
5341
6487
6805
6640
2756
3098
9889
5610
4198
9659
4434
7508
3091
6102
6057
9886
7897
7989
7118
3721
9638
4341
9104
2746
6732
9420
5485
6437
7462
6694
8181
6129
7491
3234
8813
3400
4493
7226
7819
3527
5543
5730
9892
9207
4864
5693
8868
4673
4258
4906
9764
4462
7187
7070
9312
9283
4641
3697
5519
4291
3930
4165
5206
6516
4421
9594
7670
7766
7322
9365
3260
4758
8119
9815
7541
5930
4207
6931
8506
9848
3184
9648
4556
3981
9663
5987
3158
4078
7941
3342
6332
3557
6678
6738
2870
8219
5566
9724
4786
8025
3265
7341
5241
5106
5202
3513
8056
7940
3939
8823
6986
3660
6771
7277
2750
4622
5457
9078
8371
3903
8640
8928
8439
6899
7080
9389
3742
6842
5625
9159
8380
6026
8369
3916
3276
4477
8454
5272
9768
9615
6905
9335
6620
3318
8588
5056
6748
4333
3657
6831
3942
5897
3351
8037
6067
7725
5390
5153
4464
9703
5119
8591
8759
3369
7131
9837
8419
4978
7512
6631
5560
5313
9759
6346
9488
6437
5394
9069
8523
4750
6283
4005
7866
7610
7045
5740
2910
3052
8522
7432
8912
9038
5140
5525
8941
2865
6816
2962
8188
4571
9787
4532
5299
8869
6214
9189
7278
4882
9868
9808
3514
7768
2903
3575
4288
9137
5167
4450
5736
9790
3618
3693
8443
3404
9959
6213
5160
8165
4057
4307
7235
8873
3443
8329
5860
9842
4991
9289
8006
9901
8205
5645
9104
9601
4606
8776
5587
4273
2984
9429
3438
2814
3820
7690
7775
4315
2846
4403
5012
5689
7848
7355
5332
6764
4256
9225
7160
8331
3900
8623
2887
4937
9570
4662
3354
3041
4345
3214
6210
9301
6838
3873
2944
9982
4004
8397
5669
3022
7459
9489
7282
5374
7183
8431
8542
4922
6493
4903
7933
9552
5382
7221
4969
5601
5237
9827
7520
5609
8010
6462
7951
4518
3495
5387
8806
5767
8872
5752
7876
8273
8613
6318
4841
3710
3761
6937
8429
9243
5727
9289
8927
5162
4385
3492
6079
8288
5513
6243
8440
7279
7394
7292
6761
7166
4173
9063
2904
7559
9278
9415
6171
5051
4263
5359
8048
8548
3573
6985
8213
8751
5360
7914
4755
3919
5086
7439
8255
3780
6936
7175
7331
8828
9553
4563
8327
7248
4071
7714
6320
6344
7263
8647
4408
9178
3617
8391
4475
5142
9652
6393
8960
8364
6683
5061
3840
7853
9277
2749
5249
7802
9492
9368
9354
9096
8363
7878
9736
9095
9232
4955
4299
9115
5701
5306
8559
6906
6617
7857
4139
9582
7523
8066
4467
7916
5266
9813
7457
5962
8414
5888
7548
7032
9376
4189
4894
3129
4342
5346
5049
9809
5978
4162
4250
8236
4225
8342
6629
7684
8964
9879
4508
7275
4514
6544
7826
3665
4009
8053
5683
4064
8967
7777
7694
3403
4534
6747
4337
9261
8902
3637
9708
5453
2996
2736
4824
6974
5391
8360
7673
6138
7126
5326
9036
6362
9097
4728
8387
6854
8733
4278
3646
9723
5021
8843
4425
9194
9765
8140
6526
4990
7806
8985
5392
5455
5451
7921
3217
9145
7499
5291
4805
5476
6828
5657
6186
3737
5316
7454
9171
8467
7052
4219
6475
9449
3632
3812
7764
4372
2969
9460
3393
9347
3980
7215
6300
3941
4423
9031
5711
8965
8705
6455
8183
4181
3858
9446
7584
3679
8392
5111
9352
8651
6277
9993
5831
8557
3722
9839
7690
7177
6941
3740
8798
7447
6997
4491
2803
9462
4527
7535
7971
5849
9992
7415
6796
5467
7683
9020
9846
4829
8018
8136
7573
5509
8991
5629
4419
9436
9052
9662
6273
4964
4280
2995
8918
7403
9005
9740
7778
5595
6638
7912
7365
6339
4185
7113
7567
7463
8332
7228
9068
6145
5450
7457
2967
3171
7310
5671
3385
8388
7434
3904
8943
3491
4685
8217
8512
6151
6823
8864
9452
9339
4136
3600
5381
4902
6420
7191
2947
3698
6218
3871
7511
2974
2807
7930
7060
3151
4095
5710
4921
7387
7037
7240
5400
7127
5227
3370
5887
8152
6753
5376
4402
5029
6441
4955
9120
3558
9462
5219
3321
8708
5403
3051
8657
7260
6256
6901
4163
3956
8615
5242
5964
3784
6836
3714
5623
8294
8093
3069
4847
9379
3267
9566
9720
9804
6512
6201
7837
7895
6373
7383
4252
6690
8070
8631
4293
3711
4103
5369
6010
7678
6830
8488
3427
3818
4038
5706
6123
5100
3061
8840
6181
4476
7015
6762
7420
8826
5933
8685
7114
7998
7135
4984
9556
3296
3609
7546
7131
3520
4887
3493
9554
5302
6230
5044
2853
9231
9634
6695
5058
2794
3392
5486
4981
8483
3159
5982
5551
5362
8171
9778
3832
9867
3217
8283
5954
9627
8543
4364
6435
7027
5217
4561
5506
9098
4180
9666
5004
2952
6411
4116
3254
3560
6336
8416
7519
7732
5580
6660
2937
9585
7730
6226
6294
5034
8819
4959
3242
8378
6276
7850
9797
9443
9904
4229
8258
7431
9628
6784
2841
5697
8064
9378
9416
7746
3231
3565
8795
9285
5343
7788
8690
7477
8225
3567
5224
9433
3982
6615
2957
9743
9247
6033
4719
4855
8983
3954
7634
6806
3662
7201
7095
9019
8186
6632
8975
3212
9931
2944
7700
7938
5771
3371
4940
8485
5628
4921
3859
5364
2935
4068
7703
2892
5246
9651
3242
5582
8804
6725
4914
6113
5979
5049
3307
4502
9701
4595
8501
2902
8829
9857
2759
4590
3751
4346
3194
4679
3010
6559
8520
8810
7484
4439
4042
8030
4852
8518
7578
8206
3239
6635
7506
6209
6482
3634
7039
9961
6619
4032
8461
6982
8128
8013
5195
9647
7292
4224
4384
4355
8999
6519
7407
8223
3968
5581
2880
3594
9985
7648
6783
7081
5461
9259
5520
4834
7543
9569
3767
7932
4098
7488
3791
5674
2710
6130
9364
7094
9621
3237
6504
3333
3415
4462
7886
6670
4076
3730
9785
5354
9680
9757
5774
6118
4639
7062
3093
9298
3920
6419
9322
6535
2947
7039
6135
3586
7372
4765
9223
6371
5730
4153
4213
5805
8400
4456
8866
8562
8938
6702
8259
4891
4720
4812
5971
3068
9641
4453
5581
4319
9713
7153
5265
3181
7626
3580
7632
5355
9303
9311
9078
5685
3314
9214
5589
7483
9495
5754
5149
5738
4045
3342
4298
5148
3951
7122
6676
6703
7529
8412
6072
7717
4579
4857
7448
6586
4560
5613
4535
4680
8628
2837
5858
7223
4104
8346
6417
7482
2859
4961
6660
3178
7934
9115
3206
7927
5704
8944
4017
5762
8311
8837
4538
7425
9437
8199
8292
5523
4515
5895
8301
8573
7418
6912
8090
8582
5366
3076
5871
8246
8587
2826
4629
5193
9358
8139
8437
6222
6998
4492
6818
5494
7904
6160
3754
2763
8042
9394
3781
9733
3755
4151
9504
6105
3299
4613
4295
5409
7146
5156
5916
8800
7390
8240
3384
7609
3747
3854
8739
9980
9407
8948
3821
3453
4285
7605
8746
6354
9631
9366
3430
2808
4257
4236
6239
5526
3447
5289
9377
6017
5785
7366
9537
7466
5298
8224
9431
8081
7333
9811
7213
9817
3841
7332
5622
9025
5835
3878
6514
7068
4693
7052
8605
4904
3758
5968
6473
5491
7311
5898
4114
3249
3677
9741
9923
6649
2923
9948
6191
6290
6953
9551
8774
6674
6961
3274
4653
2916
6170
5516
4557
2779
7542
9704
6775
8116
5926
9077
9952
3455
4877
3635
4721
7527
4784
5329
3079
7224
9810
5978
6529
3703
4701
5676
3805
6033
3706
4987
4927
3426
9013
8641
9605
2900
8107
9572
5266
4275
7084
5696
4028
7621
4217
3883
7571
2843
7342
6310
2959
8291
3245
3295
2978
7601
7552
3458
9314
9509
7865
6284
9382
8602
9414
7943
3113
4736
9483
5571
9841
4202
3331
5848
2735
8995
7545
5041
7378
8889
5135
3790
6719
7495
4861
5565
9623
6880
9512
8726
3161
9513
5448
5053
7773
9789
7180
6743
9135
3641
8697
3815
4358
8085
4133
6951
6883
4234
5534
6409
8254
9970
7550
4411
5510
8268
4111
5159
3769
6513
9479
7229
4867
2990
5470
9074
6228
6969
6497
4790
5792
6286
9244
7392
8796
8885
5603
5304
7872
7470
5761
4547
6431
7903
5999
5199
9698
7537
6943
8383
9081
7314
9106
7909
4489
5124
2841
7588
5956
3555
7780
6235
8575
8092
2901
4853
5167
9487
8458
7812
4083
5880
7263
7832
9779
8305
4096
6064
7481
4996
6542
5406
3360
9588
6630
6603
3688
5116
8043
8533
8114
7497
8120
6688
8917
7137
4530
4834
6425
7021
7473
3525
5873
3631
5429
7882
5847
3929
9956
8231
4624
3810
7996
5901
5556
9141
8177
4778
6996
4409
5949
5677
7753
9434
8209
8386
7004
4634
5841
6281
2894
6495
5905
8349
7763
4809
9924
9325
9342
7665
4270
5639
3001
6864
3839
4196
7192
5547
7426
4884
6343
4872
8082
6286
9536
6440
3324
5630
8585
2899
6297
7468
2834
7864
8194
3372
3471
7313
3583
7179
8130
3685
9965
5108
4810
6056
3451
6022
6547
8078
8319
3849
6903
3117
3833
6521
8667
5133
2751
9900
3421
3145
9518
7542
4038
8654
8636
3115
5644
7439
4390
8274
7103
7083
8831
9875
7914
5439
3776
8088
9918
4226
7395
4319
7283
8886
4259
5334
4282
8552
3126
4763
7720
3434
5208
8298
6907
6309
3379
6377
3966
5025
8992
5494
7560
5053
2812
9802
6870
7942
5869
9040
6548
4244
7427
8373
9115
3816
6664
4152
4128
3127
5206
3035
6837
5096
5527
8703
4261
9672
9559
4056
5031
7345
9981
3685
3736
5229
9206
3856
8785
6142
6002
7868
6323
6640
6249
8238
6528
8859
8274
6053
4744
7644
7453
6003
4715
8270
5763
9527
4424
8754
8176
9130
9193
4323
3972
6713
8609
4016
8567
3094
4837
3226
3714
3893
8836
7721
4523
7337
4698
5321
2776
4729
8266
9838
6813
4569
8257
5156
3166
3347
3760
4802
8730
6232
9592
6084
3489
9521
4756
7433
4316
7416
8105
4182
7424
6607
8415
4783
6815
7849
4247
4166
5770
6946
4140
8882
6177
5807
9974
6005
2785
6470
8376
7599
9419
4019
5300
7555
3690
9326
3891
3365
5943
6492
4069
9895
2888
6467
5634
2873
9762
7562
5908
3852
3329
9620
5452
4079
3049
4357
5914
5040
6672
6820
9027
7428
4459
4374
5662
9507
8241
3705
3085
4974
8214
5048
5542
3870
7257
5105
3323
8756
5879
3538
4371
5800
6368
4001
6812
9658
5128
9719
6383
6282
4558
6826
3185
8228
9042
5596
9884
5533
8648
5745
5506
6635
5283
5176
6730
6028
5502
7402
9625
6638
8629
3308
7840
9818
4415
9560
4340
7005
9340
6924
2961
6520
4649
4209
3796
3165
3736
4966
8307
3965
9349
9062
5655
3940
9829
7477
8729
7671
3019
8124
4777
7259
8046
6408
9120
9812
6662
6713
9618
8651
3464
8922
9263
2911
9860
7173
6738
9299
6762
4605
8187
9445
6763
7747
9623
9033
8147
5557
6100
9859
5410
2896
9702
4036
7330
3154
7794
6525
3955
6029
5816
3109
3377
9881
7737
5974
3473
5258
5700
3961
4431
7315
6321
4367
4717
4692
4510
9404
3025
6147
3059
6134
4580
9922
6446
4694
8719
2949
4620
7269
Comparisons: 14182, Exchanges: 4229
