175
331
616
592
515
560
975
997
929
421
668
904
643
819
630
541
878
475
537
967
526
898
811
524
771
938
917
776
770
950
471
400
798
558
669
885
821
567
972
472
454
456
756
646
412
665
399
496
904
374
669
769
596
624
938
879
407
601
625
662
864
528
907
444
802
703
945
491
442
918
925
912
814
343
658
578
890
586
709
813
817
782
946
568
941
710
577
612
657
691
351
941
882
850
493
651
543
751
335
513
809
507
613
987
859
681
822
443
505
588
419
843
563
591
902
550
461
896
839
413
333
684
818
774
834
856
737
847
949
955
527
868
869
1000
759
895
346
398
993
933
485
453
552
376
620
852
693
676
754
931
356
804
499
582
761
679
640
937
596
506
549
580
545
828
781
372
646
386
516
739
383
392
714
929
957
447
751
329
482
685
837
844
367
403
986
458
660
451
611
664
440
408
501
990
363
726
958
656
564
988
545
553
854
436
387
331
694
865
572
747
965
926
688
806
533
927
659
888
511
718
583
342
792
730
885
389
620
522
364
334
504
703
336
548
952
384
358
433
846
767
377
922
820
744
778
738
779
467
634
468
598
928
509
940
742
539
866
525
587
639
570
921
813
349
576
427
903
595
599
745
877
544
417
829
401
779
423
892
575
687
647
455
741
936
430
481
861
700
982
411
970
810
469
862
786
745
734
846
590
899
671
422
641
709
484
706
478
731
857
916
890
768
534
674
961
826
695
541
702
429
785
725
617
876
347
943
921
722
771
782
883
566
573
944
874
438
570
385
697
913
371
947
485
425
602
391
666
651
404
518
394
416
594
512
642
783
789
628
833
416
464
845
708
894
558
688
807
981
731
459
951
675
636
901
962
607
556
466
495
509
490
405
908
330
382
764
626
365
963
369
722
717
804
900
434
757
924
348
653
519
910
897
736
408
934
450
747
799
630
603
993
789
527
873
578
508
752
723
540
661
715
875
605
353
831
824
764
909
853
893
980
726
395
375
555
935
816
755
352
655
914
724
797
984
562
381
617
328
823
953
964
445
974
968
830
698
971
520
476
635
716
956
735
521
379
482
733
915
474
695
479
999
397
919
689
680
604
654
404
673
340
851
511
870
487
997
569
538
701
621
606
959
867
494
682
719
327
881
905
787
366
390
685
338
531
677
449
480
536
808
407
823
672
948
739
637
837
704
440
497
707
777
517
370
889
585
490
995
792
911
799
341
979
552
609
446
354
766
452
345
721
849
992
535
663
871
841
424
532
969
692
627
502
414
649
629
840
362
488
600
350
523
462
355
989
387
561
699
678
794
584
489
996
377
643
470
836
741
431
666
343
760
432
832
920
842
683
880
463
788
976
435
396
465
360
373
762
827
965
885
713
812
473
763
803
425
984
860
460
614
420
393
795
758
619
750
551
638
437
439
796
883
973
932
359
336
574
729
547
380
476
977
835
960
607
457
326
325
589
791
565
872
650
631
593
503
402
862
357
414
615
775
712
498
581
749
426
645
448
623
990
978
954
339
610
855
858
366
633
500
361
530
720
773
557
801
983
Comparisons: 1320, Exchanges: 334
