3331
5325
5921
9220
7437
8908
8708
6922
5936
8151
7471
6136
8931
6073
8284
5643
7570
8106
8950
5173
7264
5745
9945
5555
5664
5636
8690
8310
9493
6770
7457
8559
5943
9734
9921
7772
6411
7676
9575
7487
9396
6491
9201
5410
7418
7481
6538
9893
8597
7644
7992
6109
9916
4812
7022
9576
7543
9313
7560
6415
9478
7808
4969
5319
5832
7029
6241
8087
8502
8234
5502
8861
7506
7105
5895
5656
6191
6318
5992
6214
7838
5175
6279
9770
7204
6412
5737
6193
8725
9316
8636
8221
9675
9160
9484
7098
5083
6406
6475
6561
8823
5708
5518
6202
8425
7830
8737
7380
6862
9200
6996
8318
4967
7585
6303
8592
8514
8199
4964
7922
7807
7097
7239
9606
7787
9586
6803
8608
9181
6654
5357
5746
5634
7000
5905
5782
8635
5257
7240
9346
8770
7842
8339
6148
8777
7508
9830
8644
7042
5966
6422
5272
8257
6557
7554
7690
5915
8695
8401
6247
7625
9012
7217
7532
5533
8986
6468
6105
6306
6030
8184
6246
9425
8312
8485
7153
9750
6316
5403
7863
8746
6447
9108
6123
7672
9735
9812
9051
5519
7297
7231
6446
9623
8601
6304
6373
6800
8652
5283
9370
9343
9946
9694
8696
7351
6040
9811
7324
8735
8974
8201
6968
9170
7320
7742
6688
5820
7703
7381
4978
8097
6713
5799
6870
9129
5742
5043
5632
6213
8813
6430
8460
8220
9395
4930
9120
9054
9783
9175
8743
6842
9913
4926
5016
6610
8232
5677
9695
5246
8645
5568
8303
7889
9039
4899
6081
9506
6597
5305
8853
9544
7679
6884
6170
6907
5340
5867
8771
5630
9403
9475
9857
6023
5436
5912
6809
9190
9744
4954
5822
6384
5224
9561
5730
5602
5402
6810
8306
7892
9321
5919
8780
5526
4917
8856
9763
5285
9646
5701
6664
7731
7310
8226
6459
7131
5774
5640
4887
8021
4832
7944
6749
8104
6031
8408
8338
6967
7882
9008
8982
7685
7331
6674
7350
7688
5765
5258
5560
6702
7494
6314
7920
7300
6850
8357
8851
9474
4886
5639
8107
8436
7788
5444
6716
7190
4837
9611
5529
4775
8362
6990
7861
8959
8961
7033
9418
5380
7852
8067
8276
5874
4776
5004
8447
9204
5182
5084
8299
8351
5349
7597
8958
7843
4866
6685
7806
9168
8224
5161
9264
7656
8691
7733
9066
7366
7854
7116
7193
8572
7313
9858
5360
7385
6163
5168
6592
5580
7120
7129
7911
6106
6991
7252
7637
6735
8149
9147
5362
8082
5404
8658
5184
8218
8270
7280
9613
9404
6581
8060
8461
6589
5646
8995
6253
9795
9386
7988
6359
7994
5491
6158
8604
5814
9827
8173
6087
4924
9720
5892
8909
5445
8730
5081
8973
6267
7896
5787
8055
7199
5869
6821
9363
5203
5226
9884
9958
7287
9127
6168
6046
9162
7778
4971
7246
9989
7810
5998
4780
5913
4842
9172
7261
7018
9082
9782
9538
5284
9221
5652
9439
8328
7709
7096
7505
6018
7539
7262
9124
7777
7604
9580
8212
5984
8391
8517
7813
6271
6847
8671
8568
9970
6855
8069
5909
8533
5836
8907
4799
6466
4800
8788
7721
6232
5886
7407
5855
6341
5417
7365
5244
6381
9713
8396
9173
6009
6177
5476
8171
9488
6350
6245
9202
6165
5141
8901
6084
7163
7708
5831
5289
9114
9136
7751
6782
7812
9719
7764
4794
7057
9873
7649
5011
9379
4974
6122
9223
4784
4892
5808
7442
8017
8297
5776
7714
9532
5904
7503
8439
9171
7811
6139
8870
9026
9431
5218
6507
8526
4889
7311
9505
4809
9951
8004
8261
7443
6535
5685
8626
9213
6311
7028
6442
9476
8113
7342
7046
6746
9189
8364
5322
5069
8492
7670
7164
5899
9912
6612
9320
7591
6287
8010
6792
5206
6508
8587
8955
5758
8527
5023
9318
4908
7606
9149
9116
7645
7963
8846
9612
5294
9296
4907
7877
8918
8109
8464
8101
7909
8273
9691
7124
6180
9254
6065
6019
7643
8018
5773
6235
6328
7768
6678
6354
5623
8158
8555
8802
6498
9122
9352
7712
8164
5770
6783
9406
5310
9492
8227
9556
8810
7622
8863
6309
6899
6695
5669
4958
5885
6129
8177
8896
6854
5094
6054
6204
4770
4981
9530
8011
9591
7357
5146
7865
5268
9224
6298
5616
6142
7082
8765
8872
5193
7495
6693
7548
7888
6008
9676
7566
8407
8563
4857
7586
6452
9737
7967
9592
5697
8196
8889
8035
6790
8053
6233
8723
9935
7192
8573
8046
9761
4821
6223
9049
5619
5578
7274
5274
6965
9680
9896
9073
9781
8388
7478
5064
6337
5606
8419
6537
7577
5048
7489
6042
8389
9375
9821
7814
8791
7715
9268
5215
7530
9187
9780
7572
6458
7441
7743
6566
8289
4941
7545
5214
9047
8134
5348
7941
9485
7087
5122
9574
4934
9972
7557
9690
9842
8576
6511
8936
4867
7567
7142
5386
5345
5494
8621
7522
9041
5044
4769
8844
5171
9291
9325
6283
4931
7267
6187
9353
7388
9547
8581
9092
8066
5119
9836
5538
8475
8842
9826
7839
6057
5347
7279
9112
9380
9608
5007
7716
6100
8762
9516
9453
7872
7197
6450
7006
6874
7900
9448
7155
8513
5861
9839
7946
8191
8829
9486
5754
8120
9659
9324
7640
6970
4937
9834
8560
9446
6326
7775
5612
7439
7841
5334
9840
7428
8024
8897
9915
8505
6369
6248
5414
5111
8125
5907
6394
8358
9791
8301
7932
5719
5219
6837
4872
7048
9274
7281
8648
5147
6348
5134
7414
7859
9423
7565
9513
6517
5660
6389
7034
5941
5579
9552
8700
5920
5082
9490
9948
7851
9416
6820
9414
9105
7579
8903
7017
8656
5661
5027
8429
9377
9402
5401
8937
8247
6784
6992
6052
6902
7363
5503
4870
8217
9140
8322
6669
9706
5769
6560
7694
9001
8647
7089
9981
9280
6841
7181
9192
5596
9959
7612
7744
5615
9142
5835
9487
5714
6780
5250
7523
8848
8428
5933
9527
7626
8902
7328
7435
7336
6388
5875
6215
8352
5611
9941
6993
9429
6966
8434
5976
8675
9018
6481
7424
5153
9499
7013
8283
7820
6677
6665
7157
8354
8854
5582
5983
5841
5504
7947
7876
9956
9101
6573
7681
6017
5699
9055
9503
5482
6595
5452
7226
9460
8538
5408
7035
8486
8305
7904
8891
8167
5863
9021
7430
6999
5259
6744
6449
7511
7734
6075
7930
4788
7209
7794
9089
6460
9495
7938
5971
5308
6391
8928
9365
5767
8480
9275
7610
6921
7858
6738
7352
5792
6462
6766
9261
5157
9559
9267
9943
7496
6828
7636
9098
8879
9595
7169
9590
5260
5265
5235
9072
9537
7462
7189
9394
8664
6293
5378
8298
7763
6047
7376
5353
9378
9504
6006
9241
9084
7329
9245
7340
7230
8678
9310
9287
8883
6188
6946
6889
6299
4953
8667
6120
7386
8473
7148
8072
5315
4950
6219
6901
8933
9186
5562
5713
8672
8651
8440
6147
5382
7245
9349
6569
9647
5337
6066
5637
8450
8751
7774
5469
9141
6228
9660
7596
5467
5399
8774
6206
4823
6160
9993
7202
9996
9465
8170
7379
6539
5996
5022
8148
5159
8204
8715
9372
7549
9799
7232
7663
7556
6898
8676
5390
9622
9872
5149
6277
5620
9700
7168
8630
7802
5958
6342
9630
7174
9978
7767
7705
7360
7210
5473
5999
6033
9987
7630
5617
9277
6262
7447
7846
4881
6910
4841
6171
6801
7161
8241
7289
9904
7697
8146
6868
7052
7207
6692
5881
6231
9717
8025
6550
8609
5849
9848
6249
7339
7655
8643
9126
8619
9247
6258
7754
5247
8215
5105
8734
7704
5487
5397
9390
6320
5155
8914
5379
5691
7067
6114
8816
6666
7534
9209
6733
7031
8964
9977
5950
4991
7469
9176
5412
6383
7047
6620
7739
8043
6315
7618
5790
7327
9309
5169
5846
5581
5389
6728
6286
9880
8287
7171
7162
8482
5458
8625
6027
8040
8569
9180
4816
4919
9470
8206
4789
6515
7875
8917
7881
6794
6371
6044
7997
7819
8071
9302
6736
8246
7108
8019
5541
4851
5711
6063
7346
5076
9546
8248
6086
9964
8753
7550
5093
5296
7070
7237
7044
6594
8784
9963
6197
7562
9087
7312
7429
8565
7837
6617
9464
6330
9415
9011
6729
4918
8190
5679
7965
6865
8614
4955
8466
7659
9907
8516
4871
9925
6426
9818
8975
4965
7662
9803
5277
7834
9560
7815
8003
7516
6398
7404
9286
6987
5092
9581
7041
6090
4786
7276
9510
5527
4976
8837
8965
8075
8195
5871
9017
5583
7590
8887
7412
6577
9159
5261
7995
9081
6416
5690
8878
8377
9813
8818
9558
8336
8873
7123
8272
8773
4864
5554
5777
8254
9347
8721
7650
7135
8100
9337
6831
6451
7915
5878
6060
7657
8030
7024
4804
9034
7255
9270
8093
6587
7580
5213
5477
6474
6025
7647
7800
8380
7066
8858
7233
9664
6196
5739
7081
9562
9639
7809
5117
6439
8943
9673
8504
7083
7347
7757
4985
9923
8269
8102
5676
5806
6602
7499
8068
7971
9550
7468
9226
7138
8160
4814
8632
7306
8325
9436
7993
7899
6886
6099
4890
5845
9468
8446
9551
7966
8693
6068
7286
8370
5355
5530
7665
9250
6131
8972
6127
8058
9654
9121
5010
9282
9701
9535
5035
5973
6004
8945
6428
6435
5534
8474
7497
6851
7850
8481
9950
5633
6732
7241
8674
5539
8558
6138
7918
6711
9775
8251
8020
9071
5967
8843
9472
8476
6524
9866
7409
5098
9805
7438
8778
9438
7895
9197
5946
9875
9741
6598
4828
7906
9531
6227
7803
7538
6614
8185
7601
8213
7544
6734
5438
6893
4853
7887
7050
8939
5655
8479
8032
8015
7792
8795
6427
5720
6985
6108
8409
5338
7470
8135
7931
8615
5928
4862
7671
8484
6743
9135
4909
9718
7391
5267
5585
7088
7498
8736
5156
9999
6642
5237
9764
6107
9549
9567
7598
6958
7304
6280
9371
5302
8997
9924
4845
5484
7860
9405
9333
6805
7011
7444
5838
9917
9804
5466
7039
4876
8884
7605
6920
5856
7019
5177
7211
7515
5352
9230
8610
7517
8934
9929
7249
7519
8920
9374
6951
7921
7009
5220
5574
5231
4946
8256
6296
5385
5377
9895
6911
6334
6575
6605
6461
8159
7513
8085
8591
9570
8198
8478
7450
9870
5559
5815
7756
6661
6727
7021
9123
5042
7315
6477
9217
6476
5584
5780
5813
5507
9243
6242
9022
7278
6372
8430
6236
9954
9739
7996
7473
9194
6929
5818
9153
7071
5418
6362
6357
6252
9367
5263
6548
9604
9877
7678
9117
5041
8659
6250
6525
6579
7723
8150
8080
8458
7258
8518
9389
5275
8042
7779
5278
5736
7972
5396
9451
7583
5328
9961
5062
5229
6699
8801
9902
4880
6319
7224
6567
9029
6229
7484
9183
7781
6545
6176
6864
8098
5914
9969
9671
6659
8455
8665
6132
5342
8898
6438
5293
7759
9257
6333
8376
5501
9445
8828
6934
5013
6640
9262
7732
9588
8963
8893
6000
6835
4987
5850
7514
5456
8709
6184
5968
9983
5481
6425
4916
7771
7845
6528
8130
9388
7136
5644
8448
9295
7103
6633
4956
6128
5088
8899
8378
9808
5427
9760
6773
5018
5286
5703
7369
7762
6421
4875
9167
7568
7215
6615
5594
9703
7301
5709
7542
6570
8677
9758
6307
9225
9583
6230
5343
9636
7208
7040
7373
5475
6918
6529
9319
5935
9276
6268
5230
5798
5101
7928
8309
8821
6155
8606
8888
7079
8602
5210
7989
8207
6338
5204
8512
7247
9629
8081
7186
9077
6137
6718
5025
7884
6875
9155
5662
9471
6325
8371
6041
9684
6586
7160
5468
7541
7600
6121
8197
6807
5809
8435
7903
9119
9819
8487
7805
6760
5563
8214
8970
9829
9046
7699
8144
4973
4928
9667
5388
8420
9075
5628
9843
6514
6959
6582
7575
7707
5470
7968
9212
9704
7389
5740
7115
6051
6969
8231
7528
4963
5987
9256
7561
9239
5659
6098
9005
4802
7002
5944
4848
9351
5316
6005
6982
7068
6856
9272
5908
7980
5253
4773
4979
8731
9185
9519
5865
9450
6651
6062
7727
5241
9125
6788
8282
5805
5498
5186
7001
7020
6779
5993
7692
7905
8141
9068
9037
9515
7828
8444
7894
6083
8001
6429
6043
7159
7030
5694
8133
9967
8483
9497
7073
8752
5095
6962
9891
7848
6224
8374
6270
7317
9789
9373
4943
7953
8582
5303
8627
9030
6830
7736
6275
5978
9635
6696
9218
7266
8919
7847
6811
6571
5716
7296
9563
7222
7844
7760
6089
8433
5313
6961
8465
9536
5524
8262
6952
5684
5400
6355
5409
5332
8880
7101
9107
5243
9555
7959
4945
6179
7730
6679
9974
4772
8152
5959
9868
6503
9931
8540
9259
5021
7934
6140
5535
6020
8612
8722
6905
7137
5621
7236
9442
6495
9215
9594
4975
9496
7891
9227
6882
5329
5536
9246
5395
5001
7574
8756
6405
6762
5705
5771
8815
8431
7398
9615
6518
8432
5896
7372
5807
5443
6166
9726
7761
9023
8585
5508
7817
8976
5049
9771
5255
6683
7295
5063
8061
5718
5729
9643
8126
6102
9790
8710
7587
6724
6989
5994
8026
7979
7873
9502
9669
6069
8200
9131
8424
9090
9901
7866
7084
7343
7461
4819
9331
5331
7220
9085
9408
8547
6145
7397
9899
4906
6473
5571
9991
9305
5196
8006
8088
5955
5775
7983
7986
7755
8038
5369
8904
6559
9724
9385
9920
7371
6552
6676
5492
6673
7950
8760
7836
8495
9269
8855
7507
5520
9045
7982
7100
8463
6945
9609
6606
9986
7718
6478
6543
4977
9692
5588
9514
9255
9837
8673
9469
9777
8405
7427
6125
9311
6332
7939
6222
8472
5194
9279
7185
9007
8239
6390
7936
9057
6750
8014
6712
8057
7303
5747
9685
6364
5873
6752
9738
8706
8459
7725
6169
9642
7589
8084
6111
4900
8729
8684
5366
8417
9617
9382
5843
5463
6237
6345
9955
8593
8175
9165
5323
5724
7984
6715
7259
8238
8838
8230
5233
7973
6192
9918
9199
8194
9283
8850
6938
6055
7440
6706
9000
8313
7646
4801
8039
8012
6628
5598
8960
5273
5970
8137
9111
9852
9975
9426
9059
8666
6135
8806
7417
6209
5833
7126
5549
6536
7321
5552
5531
6117
8754
9952
8867
9027
9992
6697
5575
5364
9104
6387
8624
6949
9424
7855
7737
9032
7419
8266
9417
6813
5991
5061
6532
7695
8233
5142
8595
5988
7874
9169
4935
5024
6726
8590
9533
8655
4968
8317
8687
6470
8062
7069
7486
9566
6211
5298
4865
4782
9874
6843
6274
6980
5361
6327
7824
6343
6175
9792
6103
8281
5665
6486
5706
6510
5437
5121
8023
8701
9755
8954
9143
8423
6637
5060
9443
8831
8390
7179
8382
7641
8208
6516
6796
8347
8542
9885
6804
8989
8332
5980
5457
5132
6509
5433
6703
6339
8561
6323
9644
8680
7218
5525
7795
7293
6923
8321
9163
9528
4948
8984
4852
9966
5816
9637
6526
8792
4957
4797
8847
5759
8345
6432
5725
8000
4998
6363
8523
5618
4863
7870
5341
4882
6607
9214
7176
9871
7198
6739
7095
9339
8548
7058
9906
9785
8161
9889
7546
8988
7582
6786
8589
8223
9751
8794
6894
9844
6497
5359
5057
6768
8121
8622
6181
9980
5546
7518
9522
9525
6308
6013
6385
5067
5626
9100
6485
9184
6151
8323
9161
6547
4942
4894
8894
8654
5326
8383
6572
9628
6513
8852
5154
5900
5271
6058
6401
8327
6322
9602
4861
9166
6650
7766
8412
5609
7488
7501
7962
6370
8747
7325
5923
8228
7951
9937
8258
5199
8764
9228
9979
6488
8165
7275
5744
6690
4777
8045
7465
7722
8689
7961
8519
6883
5365
4883
7578
5930
6386
7299
9927
8732
5589
5336
5356
5012
8034
5778
5514
5834
6988
6501
6469
5564
8660
6368
8545
9441
8881
8275
9746
6611
5052
6584
5793
8059
8927
9203
8467
9621
9036
8719
8981
8783
6861
6613
7784
7912
9410
5106
4994
6565
9113
6903
6203
7216
7479
9056
7639
8341
5876
6704
8688
6225
5292
7078
6748
6892
8314
7455
5317
9759
7555
5938
6908
7686
8971
9888
8103
6979
8508
9211
6937
5447
9847
8564
6530
5304
9835
9638
6022
8985
6826
8286
8315
8797
6079
8790
6928
9752
8535
5880
8600
5511
6624
5866
5301
7451
8112
9207
8418
5367
9299
6382
4874
9335
9040
6376
5249
7399
6010
7294
8400
7012
5870
9820
4827
5962
6164
7093
4869
9016
7349
8932
5028
6785
9517
8809
5954
6618
6218
9656
7165
9624
6002
9932
5276
8243
9078
8807
4820
5761
6670
6608
7106
8078
9359
5335
5299
5097
7477
6396
9965
4913
5680
7614
7782
7038
5797
6454
7119
9088
8503
8162
6687
5251
7853
9356
9686
8876
7147
9807
5825
7726
7074
8839
9911
9688
7271
8886
7370
8570
5046
5216
9479
4997
8922
8028
8530
6964
9802
4896
7206
7244
8717
5852
9973
8584
9814
5363
8713
8404
6705
7661
5819
8127
9182
5422
6758
7791
6700
7203
5459
9412
8307
8373
6443
8451
7635
6591
7898
4995
5136
5460
9879
8291
8441
5752
5387
4914
7356
9338
6358
7674
5165
7680
5288
7916
9035
9058
7563
8506
7065
5862
8427
8882
8830
7821
5601
6012
6455
5960
9529
7335
6254
5162
6014
8605
9144
5605
5188
5245
6604
9833
5280
8036
5116
9582
4940
6881
7890
8176
9850
5888
5120
5221
5989
9500
9652
5932
9577
8296
6621
8772
6053
8365
5872
7242
9603
5411
6904
7631
5099
5039
8083
9682
5731
7929
5748
4897
6839
7793
6680
7178
7314
5307
5160
7474
6097
8091
8329
6741
6798
8865
6433
5595
9689
7282
5648
7746
6960
6954
7305
8546
5148
8616
5542
8285
5586
8952
6662
8541
8387
9158
7868
9326
9934
5794
6832
9145
8857
8145
8702
7524
8047
7627
7205
7144
7698
9634
8712
5801
5110
9099
5700
6789
5222
5080
9953
9679
5823
8242
9334
9649
9596
7878
5879
9433
9815
9095
5421
5721
8845
9298
9757
8174
8510
9069
6723
9348
9729
7849
8994
7758
6978
5645
7883
8820
9210
7711
7713
4774
8628
7745
5663
7114
7219
5911
6872
9797
7752
5937
8240
8819
5065
7551
6917
8869
8650
8333
5074
6361
5405
9481
6016
8940
5496
8295
9851
7384
5681
7958
9354
8462
7345
9301
7445
9768
5811
9631
6653
8381
5654
6312
5384
7955
9747
7673
7354
8368
8202
9997
5351
6502
8875
7689
9732
4798
5406
5629
9683
5426
5183
7504
9357
5453
6310
8330
8942
10000
6588
8187
5073
9400
6157
8929
9988
9650
5287
6984
5029
9798
7080
8099
5187
5830
6482
8866
8817
7341
7526
5692
8704
9578
4992
8403
5641
7728
8367
4921
9511
5890
7735
7642
5075
4806
6353
5442
5649
8335
9696
8496
6814
9541
9666
6029
9598
9957
7330
9387
6764
5290
6056
6957
5228
4817
6721
6003
6825
8607
6880
7466
7032
4988
9520
9306
6776
5446
8769
5772
5627
5333
5040
6753
9518
9705
5902
9662
6873
9728
5593
9926
5005
6781
7426
8044
8489
5465
5556
6104
6635
9157
8812
4912
7223
7353
7667
5906
6048
8509
5857
5002
8049
8720
9251
7201
7459
5279
8324
9632
5269
6360
5391
8566
6930
7825
5678
6791
7229
7415
9236
9846
8969
5346
8825
9491
5622
6226
9407
8245
9856
9413
5953
9341
8874
4843
9006
5192
6747
9919
9361
6313
8140
7323
8685
5138
9869
7322
8926
7798
5493
9137
5140
5330
5726
8494
8375
9208
6948
7623
6189
8294
6755
5393
8864
9031
5424
8366
6986
9383
7621
6935
6646
5113
8739
8824
8761
7195
7054
8620
8980
5054
5312
8076
9048
7668
7785
6849
8491
6943
9278
6130
8979
9651
9524
9328
9787
5100
6239
7924
8186
9368
8755
5929
7128
6143
5675
6682
6059
6848
7740
8785
7977
9949
6082
5715
6720
7818
7832
5506
7653
6955
4901
9271
8031
8741
7902
5702
6276
6423
4822
9645
7265
8263
8782
5407
4808
9605
8253
8114
7257
6541
6787
6667
6754
9489
7449
7086
5762
8733
8007
5803
7629
6631
6885
9658
5642
8714
5917
6944
6436
9422
8599
7005
6707
7091
5653
7472
8356
8862
6221
5227
9841
5781
7620
5031
7368
8962
8699
6431
9366
8343
9399
6649
7188
6975
8308
6799
7608
5614
8728
6580
5126
7200
6414
9599
7051
9148
7945
7985
9507
5734
8359
9714
9648
5071
5693
8342
9258
8326
8219
9025
4844
5891
6288
8189
5208
6932
7149
8544
6011
7284
6647
5037
7403
7256
4877
9004
6205
6761
7603
9384
5009
6441
9786
8022
6638
9509
9862
9990
9094
9942
8131
9188
5454
6088
6110
7867
4911
6639
6134
8438
6282
8935
9933
7062
4791
5109
9128
8868
6085
9419
5087
8987
5695
7581
9106
6771
6331
7664
5931
9093
7706
8229
7309
8798
9687
9336
9572
6558
9883
4825
5796
7166
8453
5486
8033
5398
8122
6857
5137
9822
9401
6660
6877
5102
6852
8642
5657
7765
5800
8944
7869
8580
5551
5006
8147
7456
5428
8905
4879
5956
5419
9944
9861
7003
5324
9838
7107
9585
9940
6556
5608
7235
8065
5558
6731
9731
6496
6563
8763
5925
5587
7394
6742
7049
5420
6035
5086
9736
6998
7537
9543
6523
6623
6973
7454
8415
5205
9681
7609
7283
7682
8698
5455
8203
5309
5107
5788
6939
5431
9118
8153
7277
9242
6026
6113
7547
9579
6956
7741
7666
9733
6844
6297
7864
5804
4854
7173
7490
5510
6890
7464
5894
8027
8991
5181
7121
7156
9083
5860
8237
8271
6024
7184
5982
6976
5945
5513
8579
7799
5000
9778
6553
8386
5817
9765
9322
8355
8977
5625
4811
6578
8437
5019
4833
9130
6150
8877
5441
8379
6619
9434
9233
8005
5195
4830
7826
8209
7927
4790
5032
5658
6940
5448
8637
4787
5354
7010
7316
5485
6049
6859
5078
8363
6424
8142
8588
6860
7552
5413
6941
8311
7406
4859
6444
7535
6007
6234
7593
4838
6418
8349
9982
8497
7060
6717
6909
7780
5200
9773
4989
5128
7452
8477
6759
8833
5151
8840
4768
6645
7362
8108
7926
7061
9865
8117
8968
6290
5066
7719
4932
5472
9863
6419
7383
6845
7748
8930
9534
9540
8079
9284
9625
8300
9237
9393
8966
7191
9633
9998
5889
5480
6600
7175
9458
9288
5474
7829
9455
5464
5096
8705
5478
6817
7221
7943
7935
9853
8279
8008
7413
6983
9653
6778
4972
6001
7611
7693
5150
6471
6367
9772
4779
7687
8260
4792
7564
7521
8111
7942
6244
9553
7594
8577
7285
8640
7141
7390
7411
7307
5207
5768
8793
5270
5979
5784
8216
5127
6971
7355
5688
7014
5211
6038
7595
4923
9882
9139
7151
5707
9297
6093
9886
8092
6947
5545
6505
5926
6689
6709
6349
7648
6625
6346
9723
8586
5070
9304
8334
5123
8603
7133
8501
6480
8180
8860
7077
7871
9587
8181
8252
5383
6397
6070
7999
8978
6289
4795
9745
9323
9409
6174
4949
7146
6994
4885
7127
5577
6417
6562
5191
8617
6273
9936
8983
5517
5112
5425
6479
7467
8143
4840
7104
5059
5047
9109
7952
9232
8422
7139
8139
6756
5264
6648
8331
6413
5266
6464
7375
7423
8759
5212
9042
6632
7298
8348
6457
6846
8668
5802
5570
9900
7338
8052
9618
8129
9894
6190
6403
6643
6897
8789
5318
7182
9890
5129
6317
6933
5548
7395
9568
8679
7908
9010
5091
6266
9177
7619
9909
7145
8267
7270
8948
9985
9014
5394
8686
9097
8921
8521
9376
9355
5672
6259
7827
5172
5647
6546
8841
6819
8631
7949
9565
8786
9548
5916
6061
5974
5179
8041
8768
6050
7531
7392
5883
8835
9053
5223
9769
7007
7783
9164
6116
5910
8683
6351
7408
8454
9248
7425
8344
6400
5450
9437
7187
8132
4856
5572
6212
6585
8539
4929
5320
6896
6963
9597
8222
7420
9725
7576
7016
5569
8395
8552
8500
8638
5089
6596
6453
7064
9742
9038
5176
5668
5543
9616
6714
4960
5947
8511
4807
7112
9971
5143
9564
7502
6393
9832
4895
6775
7170
5638
6913
8562
7056
6972
4793
9231
6112
5432
6997
9308
7602
6263
4962
7654
7410
7987
5440
5696
8410
6144
6722
8302
9427
5597
5710
6067
5079
5751
4920
7458
5198
7260
7251
6522
8726
8050
7416
5371
8073
8990
5158
9968
9708
7886
7243
9727
6321
6402
6542
8089
6622
5610
9661
8681
5550
7480
7573
6777
5164
5479
7991
7015
9285
4888
5281
8946
6434
7677
7571
6064
9903
8384
6564
8885
6216
7291
6101
8123
5125
6931
7225
9716
8520
9332
6827
6045
8662
5903
8138
6519
6630
5567
8105
6950
5565
6152
9589
5017
6823
6078
5918
6816
5015
7140
7969
5234
6340
8742
4855
7529
9421
6483
9801
9665
7990
5252
6375
6655
4835
8892
8016
9938
7036
5375
7525
9573
8013
6926
9080
9467
4810
5812
8393
5952
5068
5523
7405
5170
8611
5738
5826
5821
7254
6812
9222
7558
4824
7319
5990
8074
7527
6953
5374
7180
6472
5232
5764
9722
4927
6737
5733
8781
4993
6379
7638
6981
6032
9610
7308
5291
9962
9800
7288
5254
5190
8154
5434
5975
6162
5072
4898
6281
8750
9096
8766
7348
6077
7183
8070
5202
6408
6178
6034
9482
9110
5415
8128
9766
6668
5898
9430
9663
5671
9749
8649
9340
9265
7833
4850
5927
7053
5124
4910
9483
9205
9569
7925
5884
9960
8633
9449
7964
5851
6599
5103
7816
5416
7434
5295
5732
9697
9360
7253
8738
8443
5540
8924
9358
8115
9892
5939
6115
9626
9508
7769
8210
8471
5810
5300
6867
9133
5576
8808
9411
4961
5599
7292
8236
7400
6681
7109
7520
5314
7559
7234
8583
9526
5135
9063
9908
7831
5449
8290
6366
9132
7023
7026
6924
6159
5311
8956
5036
5537
5735
7333
9614
5139
5339
9876
6198
8925
5977
6146
5034
5635
4860
9796
7747
5495
7092
9898
8188
5163
6456
7500
6878
9079
7923
5848
6133
6863
8775
9342
6092
9784
6487
7624
5189
7696
6912
8557
6663
5934
8029
7476
8280
9810
5114
7273
8292
9314
6888
6906
6840
6576
6603
8394
9699
4959
5471
8268
6149
4891
7691
5174
5749
7401
7790
8172
5544
7094
4984
9657
8225
7960
5423
8998
9156
9369
9115
9033
6124
8740
7937
7152
6344
4999
9939
7027
9344
9878
6551
9195
9456
5242
7214
7460
9748
9607
7272
7194
9315
5104
5209
8456
6829
8890
8457
8211
8319
4980
5557
9707
7613
8697
9754
8468
5704
8385
4939
8594
8193
9571
8094
5429
5306
8119
7801
8694
8613
8124
8703
9043
9065
4834
5058
8800
7113
9452
8498
5756
8531
6074
6463
5144
7669
6836
9928
6745
6583
7796
5566
7318
5964
7533
8009
6698
8834
6656
9984
8090
6028
8037
6493
5829
7710
6335
4884
7822
9152
7840
9330
7268
5358
4778
9702
8353
9216
7085
6719
9454
9263
4933
6833
7510
7302
7433
9779
7897
7940
5085
7004
8832
7485
4996
6141
8293
7893
7358
5949
9244
8346
8490
6925
6380
4947
9677
7607
6207
8758
5791
6265
9831
7724
8155
5887
4922
5666
7998
7090
8369
5115
8118
9293
6329
9678
5839
7227
9922
4983
5683
5118
9292
7263
7700
6504
9740
7150
6815
9905
8669
7110
6037
5077
8727
8537
8670
7492
6751
6593
5392
6015
7075
6378
8244
6694
6347
7540
8849
9914
7238
8350
8911
7374
5940
9150
7776
4805
7118
9620
7167
5840
5650
7364
7378
8361
6336
5755
8623
7753
5490
8641
7786
8657
6294
4951
8692
7569
9824
7933
5327
6824
9329
9003
7177
5969
6512
6269
7857
9753
5727
9501
9260
7901
5922
7512
6500
5824
6499
4858
6876
5033
7907
8399
5785
6186
7393
8718
6119
8421
6256
7789
9473
9174
6774
7396
6172
6806
4966
8499
7269
8957
5712
6834
7917
9009
7337
9444
5553
8711
6915
7823
5026
7248
8288
5723
5509
4771
9640
6684
8724
7483
8596
6797
8953
5957
5201
8048
8398
7880
6492
5521
4893
9138
7493
8653
4785
5038
9253
8543
7134
9229
5986
9086
7037
7919
7773
9721
7584
8938
7957
8996
8056
8745
8549
9044
7701
4878
7702
5217
6264
5689
9756
9670
6795
6995
7008
9539
9627
5786
6838
9435
8192
4903
5133
9398
8524
7196
9828
5051
6521
5108
5963
5497
8949
7617
5995
5728
6292
8515
7072
9698
5981
9554
8110
8264
7981
4803
8906
5842
5439
7055
8096
6021
5248
5897
5795
7509
5859
5008
5262
5003
5239
6153
7835
5757
6671
5997
5030
9816
9238
7632
6725
5750
9064
9542
9103
9512
6465
5603
9273
5882
7660
8086
8629
6540
6658
9249
5687
4829
9028
8895
8169
6644
5056
8402
6377
6484
9392
9860
9420
9447
4826
7377
7885
9855
6636
5670
9867
9178
6506
6601
8493
9674
4905
6708
5561
6118
8912
9002
7367
9381
7359
9234
7616
9062
5789
5961
6356
5372
8250
7956
5499
5368
9067
7045
8578
8707
5130
5489
4847
5592
6977
8507
8277
6822
6407
9307
5674
4813
9466
5682
7599
5373
9715
9070
6914
4836
6404
6900
9397
9881
9024
8116
9806
6793
6284
7910
6772
8156
6629
9462
4783
9362
9897
7750
4796
5763
6757
8550
7651
9317
8522
5435
9300
9523
6942
6871
6291
6489
6410
6199
4925
5827
6392
7592
4831
7361
6409
8392
6531
6036
8528
5197
5152
6305
8556
6869
9600
8178
4944
9521
6071
9312
5877
8249
5376
6220
5240
9076
6217
8488
7076
6919
8805
6260
5451
4873
5131
9710
6574
8923
9794
9102
5090
5743
9995
7111
5651
6866
6916
5430
6527
5488
7797
6261
8796
7978
8803
8063
9477
6974
9061
7290
5864
7344
6895
8814
7130
6167
7025
4818
8157
5166
9823
5461
9052
4915
9545
6096
9391
6686
8779
7553
7879
7652
8748
6710
5753
7059
9498
9788
5901
7628
6494
8054
8183
5321
9235
9672
9019
5965
7482
6641
8414
4815
5014
4849
7970
8304
8634
8529
5528
6858
6076
5238
8826
4952
8553
9440
6183
7948
6301
6295
8992
9240
9364
7453
9252
9593
8804
9655
9179
8095
9994
8416
6365
4982
8951
5972
9849
9013
6194
8799
6445
9020
7154
8900
8915
7117
5145
6185
6467
5868
7387
6095
9015
9976
4904
7250
8554
6420
9825
4986
5858
7633
5180
7063
5512
9930
8235
6039
9730
6302
7914
7658
6590
6324
7975
7334
9289
4990
6399
8910
5844
9459
9432
9494
5604
8571
6072
9091
9294
8525
8716
5462
6634
9809
5167
9074
7536
8051
7125
9910
6240
6657
6765
9154
5020
8274
4936
6195
7172
6490
7475
8618
4839
7448
7382
5350
5282
9619
8278
8661
7326
8574
8787
7122
9134
8179
6549
6818
9345
5613
9887
6238
5256
7738
7720
6126
9584
6544
6448
4938
6352
6154
8136
5766
6609
6626
6300
7446
7634
6533
8767
5185
9693
8182
8452
5591
9776
5178
5828
6652
5516
4781
8406
7422
8534
9557
8999
6210
4902
7717
8913
5893
9859
8744
7143
5985
7463
5600
7491
9762
5686
9601
8077
5631
9219
7158
8811
5717
5951
7749
8663
5053
8757
9793
6201
6691
6285
6769
6395
9641
8337
9050
5573
8749
7043
7913
6730
5483
9193
9266
9463
9711
5045
9350
7856
7431
6440
7954
8469
9206
6534
6555
7421
4846
6257
5344
9743
8064
6701
8166
8575
6740
8397
5547
7974
5532
6200
6554
5381
7132
8259
8916
6094
8536
5854
5667
5948
4970
7228
5698
6802
5779
5055
6173
9191
7402
5783
8163
8316
8598
8776
6161
6278
5590
8871
9198
8255
9668
7615
8947
9151
5500
9817
6520
7804
8360
5522
7213
6808
9712
4868
8682
6763
5225
6627
8340
6879
6616
5741
6251
9196
7684
5624
8449
9281
7976
8993
6936
7862
9864
6208
7675
5607
9146
8445
5942
7212
6437
5297
8372
6182
6853
9709
8646
9428
6767
8836
5236
5370
9290
8822
9845
6675
6091
6887
5050
7099
6672
5853
8205
5515
7588
9854
5722
7432
7729
9303
8941
8532
6891
6568
8551
7332
6927
8470
9327
9060
9774
8859
8567
5837
7683
5924
7436
9457
6156
8827
8265
6272
6374
9767
5505
6255
7102
8413
8639
9480
5760
8967
8320
6080
8411
8168
8426
7770
9947
5673
8442
6243
8002
9461
5847
Comparisons: 15164, Exchanges: 5234
